-5	0.00249377
-4.99	0.00250375
-4.98	0.00251379
-4.97	0.00252389
-4.96	0.00253405
-4.95	0.00254427
-4.94	0.00255456
-4.93	0.0025649
-4.92	0.00257531
-4.91	0.00258579
-4.9	0.00259632
-4.89	0.00260693
-4.88	0.00261759
-4.87	0.00262833
-4.86	0.00263912
-4.85	0.00264999
-4.84	0.00266092
-4.83	0.00267192
-4.82	0.00268299
-4.81	0.00269413
-4.8	0.00270533
-4.79	0.00271661
-4.78	0.00272796
-4.77	0.00273938
-4.76	0.00275087
-4.75	0.00276243
-4.74	0.00277407
-4.73	0.00278578
-4.72	0.00279756
-4.71	0.00280942
-4.7	0.00282135
-4.69	0.00283336
-4.68	0.00284545
-4.67	0.00285761
-4.66	0.00286986
-4.65	0.00288218
-4.64	0.00289458
-4.63	0.00290706
-4.62	0.00291962
-4.61	0.00293226
-4.6	0.00294499
-4.59	0.0029578
-4.58	0.00297069
-4.57	0.00298366
-4.56	0.00299673
-4.55	0.00300987
-4.54	0.00302311
-4.53	0.00303643
-4.52	0.00304984
-4.51	0.00306334
-4.5	0.00307692
-4.49	0.0030906
-4.48	0.00310437
-4.47	0.00311823
-4.46	0.00313219
-4.45	0.00314624
-4.44	0.00316038
-4.43	0.00317462
-4.42	0.00318895
-4.41	0.00320339
-4.4	0.00321792
-4.39	0.00323255
-4.38	0.00324728
-4.37	0.00326211
-4.36	0.00327704
-4.35	0.00329207
-4.34	0.00330721
-4.33	0.00332245
-4.32	0.0033378
-4.31	0.00335326
-4.3	0.00336882
-4.29	0.00338449
-4.28	0.00340027
-4.27	0.00341616
-4.26	0.00343216
-4.25	0.00344828
-4.24	0.0034645
-4.23	0.00348085
-4.22	0.00349731
-4.21	0.00351388
-4.2	0.00353057
-4.19	0.00354739
-4.18	0.00356432
-4.17	0.00358137
-4.16	0.00359855
-4.15	0.00361585
-4.14	0.00363328
-4.13	0.00365083
-4.12	0.00366851
-4.11	0.00368632
-4.1	0.00370425
-4.09	0.00372232
-4.08	0.00374052
-4.07	0.00375886
-4.06	0.00377733
-4.05	0.00379593
-4.04	0.00381467
-4.03	0.00383356
-4.02	0.00385258
-4.01	0.00387174
-4	0.00389105
-3.99	0.0039105
-3.98	0.0039301
-3.97	0.00394985
-3.96	0.00396974
-3.95	0.00398979
-3.94	0.00400998
-3.93	0.00403033
-3.92	0.00405084
-3.91	0.0040715
-3.9	0.00409232
-3.89	0.0041133
-3.88	0.00413445
-3.87	0.00415575
-3.86	0.00417722
-3.85	0.00419886
-3.84	0.00422066
-3.83	0.00424264
-3.82	0.00426479
-3.81	0.00428711
-3.8	0.0043096
-3.79	0.00433228
-3.78	0.00435513
-3.77	0.00437816
-3.76	0.00440138
-3.75	0.00442478
-3.74	0.00444837
-3.73	0.00447214
-3.72	0.00449611
-3.71	0.00452027
-3.7	0.00454463
-3.69	0.00456918
-3.68	0.00459393
-3.67	0.00461889
-3.66	0.00464404
-3.65	0.00466941
-3.64	0.00469498
-3.63	0.00472076
-3.62	0.00474675
-3.61	0.00477296
-3.6	0.00479939
-3.59	0.00482603
-3.58	0.0048529
-3.57	0.00487999
-3.56	0.00490731
-3.55	0.00493486
-3.54	0.00496264
-3.53	0.00499066
-3.52	0.00501891
-3.51	0.00504741
-3.5	0.00507614
-3.49	0.00510512
-3.48	0.00513436
-3.47	0.00516384
-3.46	0.00519357
-3.45	0.00522357
-3.44	0.00525382
-3.43	0.00528434
-3.42	0.00531512
-3.41	0.00534618
-3.4	0.0053775
-3.39	0.0054091
-3.38	0.00544098
-3.37	0.00547314
-3.36	0.00550559
-3.35	0.00553833
-3.34	0.00557135
-3.33	0.00560468
-3.32	0.0056383
-3.31	0.00567223
-3.3	0.00570646
-3.29	0.005741
-3.28	0.00577586
-3.27	0.00581103
-3.26	0.00584653
-3.25	0.00588235
-3.24	0.0059185
-3.23	0.00595499
-3.22	0.00599181
-3.21	0.00602898
-3.2	0.00606649
-3.19	0.00610435
-3.18	0.00614257
-3.17	0.00618114
-3.16	0.00622008
-3.15	0.00625939
-3.14	0.00629907
-3.13	0.00633913
-3.12	0.00637957
-3.11	0.0064204
-3.1	0.00646162
-3.09	0.00650324
-3.08	0.00654526
-3.07	0.00658768
-3.06	0.00663053
-3.05	0.00667379
-3.04	0.00671747
-3.03	0.00676158
-3.02	0.00680613
-3.01	0.00685112
-3	0.00689655
-2.99	0.00694244
-2.98	0.00698878
-2.97	0.00703559
-2.96	0.00708288
-2.95	0.00713063
-2.94	0.00717887
-2.93	0.00722761
-2.92	0.00727683
-2.91	0.00732657
-2.9	0.00737681
-2.89	0.00742757
-2.88	0.00747885
-2.87	0.00753066
-2.86	0.00758302
-2.85	0.00763592
-2.84	0.00768937
-2.83	0.00774339
-2.82	0.00779798
-2.81	0.00785314
-2.8	0.00790889
-2.79	0.00796523
-2.78	0.00802218
-2.77	0.00807974
-2.76	0.00813791
-2.75	0.00819672
-2.74	0.00825617
-2.73	0.00831626
-2.72	0.00837701
-2.71	0.00843842
-2.7	0.00850051
-2.69	0.00856329
-2.68	0.00862676
-2.67	0.00869094
-2.66	0.00875583
-2.65	0.00882145
-2.64	0.00888781
-2.63	0.00895492
-2.62	0.0090228
-2.61	0.00909144
-2.6	0.00916086
-2.59	0.00923109
-2.58	0.00930212
-2.57	0.00937397
-2.56	0.00944665
-2.55	0.00952018
-2.54	0.00959457
-2.53	0.00966983
-2.52	0.00974598
-2.51	0.00982303
-2.5	0.00990099
-2.49	0.00997988
-2.48	0.0100597
-2.47	0.0101405
-2.46	0.0102223
-2.45	0.010305
-2.44	0.0103888
-2.43	0.0104736
-2.42	0.0105594
-2.41	0.0106463
-2.4	0.0107342
-2.39	0.0108233
-2.38	0.0109134
-2.37	0.0110047
-2.36	0.0110971
-2.35	0.0111907
-2.34	0.0112855
-2.33	0.0113814
-2.32	0.0114786
-2.31	0.0115771
-2.3	0.0116768
-2.29	0.0117778
-2.28	0.0118801
-2.27	0.0119837
-2.26	0.0120887
-2.25	0.0121951
-2.24	0.0123029
-2.23	0.0124121
-2.22	0.0125228
-2.21	0.0126349
-2.2	0.0127486
-2.19	0.0128638
-2.18	0.0129805
-2.17	0.0130989
-2.16	0.0132188
-2.15	0.0133404
-2.14	0.0134637
-2.13	0.0135887
-2.12	0.0137155
-2.11	0.013844
-2.1	0.0139743
-2.09	0.0141064
-2.08	0.0142405
-2.07	0.0143764
-2.06	0.0145143
-2.05	0.0146542
-2.04	0.0147961
-2.03	0.01494
-2.02	0.0150861
-2.01	0.0152342
-2	0.0153846
-1.99	0.0155372
-1.98	0.0156921
-1.97	0.0158493
-1.96	0.0160088
-1.95	0.0161708
-1.94	0.0163352
-1.93	0.0165021
-1.92	0.0166716
-1.91	0.0168436
-1.9	0.0170184
-1.89	0.0171958
-1.88	0.0173761
-1.87	0.0175591
-1.86	0.0177451
-1.85	0.017934
-1.84	0.0181259
-1.83	0.0183209
-1.82	0.0185191
-1.81	0.0187204
-1.8	0.0189251
-1.79	0.019133
-1.78	0.0193445
-1.77	0.0195594
-1.76	0.0197779
-1.75	0.02
-1.74	0.0202259
-1.73	0.0204556
-1.72	0.0206892
-1.71	0.0209268
-1.7	0.0211685
-1.69	0.0214144
-1.68	0.0216645
-1.67	0.0219191
-1.66	0.0221781
-1.65	0.0224417
-1.64	0.0227099
-1.63	0.022983
-1.62	0.023261
-1.61	0.023544
-1.6	0.0238322
-1.59	0.0241257
-1.58	0.0244246
-1.57	0.024729
-1.56	0.0250391
-1.55	0.025355
-1.54	0.0256768
-1.53	0.0260048
-1.52	0.0263391
-1.51	0.0266798
-1.5	0.027027
-1.49	0.0273811
-1.48	0.027742
-1.47	0.0281101
-1.46	0.0284855
-1.45	0.0288684
-1.44	0.0292589
-1.43	0.0296574
-1.42	0.030064
-1.41	0.0304789
-1.4	0.0309023
-1.39	0.0313346
-1.38	0.0317759
-1.37	0.0322265
-1.36	0.0326866
-1.35	0.0331565
-1.34	0.0336365
-1.33	0.0341269
-1.32	0.034628
-1.31	0.03514
-1.3	0.0356633
-1.29	0.0361983
-1.28	0.0367453
-1.27	0.0373045
-1.26	0.0378765
-1.25	0.0384615
-1.24	0.0390601
-1.23	0.0396725
-1.22	0.0402992
-1.21	0.0409407
-1.2	0.0415973
-1.19	0.0422697
-1.18	0.0429583
-1.17	0.0436635
-1.16	0.0443861
-1.15	0.0451264
-1.14	0.045885
-1.13	0.0466627
-1.12	0.0474599
-1.11	0.0482775
-1.1	0.0491159
-1.09	0.049976
-1.08	0.0508585
-1.07	0.0517641
-1.06	0.0526937
-1.05	0.0536481
-1.04	0.0546281
-1.03	0.0556347
-1.02	0.0566688
-1.01	0.0577314
-1	0.0588235
-0.99	0.0599463
-0.98	0.0611008
-0.97	0.0622882
-0.96	0.0635098
-0.95	0.0647668
-0.94	0.0660607
-0.93	0.0673927
-0.92	0.0687644
-0.91	0.0701774
-0.9	0.0716332
-0.89	0.0731336
-0.88	0.0746804
-0.87	0.0762753
-0.86	0.0779205
-0.85	0.0796178
-0.84	0.0813696
-0.83	0.0831781
-0.82	0.0850456
-0.81	0.0869747
-0.8	0.088968
-0.79	0.0910283
-0.78	0.0931584
-0.77	0.0953616
-0.76	0.097641
-0.75	0.1
-0.74	0.102442
-0.73	0.104971
-0.72	0.107592
-0.71	0.110307
-0.7	0.113122
-0.69	0.116042
-0.68	0.11907
-0.67	0.122214
-0.66	0.125477
-0.65	0.128866
-0.64	0.132387
-0.63	0.136047
-0.62	0.139852
-0.61	0.14381
-0.6	0.147929
-0.59	0.152216
-0.58	0.156681
-0.57	0.161332
-0.56	0.166179
-0.55	0.171233
-0.54	0.176504
-0.53	0.182003
-0.52	0.187744
-0.51	0.193738
-0.5	0.2
-0.49	0.206543
-0.48	0.213383
-0.47	0.220536
-0.46	0.228019
-0.45	0.235849
-0.44	0.244045
-0.43	0.252627
-0.42	0.261616
-0.41	0.271032
-0.4	0.280899
-0.39	0.29124
-0.38	0.302078
-0.37	0.31344
-0.36	0.325351
-0.35	0.337838
-0.34	0.350926
-0.33	0.364644
-0.32	0.379018
-0.31	0.394073
-0.3	0.409836
-0.29	0.42633
-0.28	0.443577
-0.27	0.461595
-0.26	0.4804
-0.25	0.5
-0.24	0.5204
-0.23	0.541594
-0.22	0.563571
-0.21	0.586304
-0.2	0.609756
-0.19	0.633874
-0.18	0.658588
-0.17	0.683807
-0.16	0.709421
-0.15	0.735294
-0.14	0.761267
-0.13	0.787154
-0.12	0.812744
-0.11	0.837802
-0.1	0.862069
-0.09	0.885269
-0.08	0.907112
-0.07	0.9273
-0.06	0.945537
-0.05	0.961538
-0.04	0.975039
-0.03	0.985804
-0.02	0.993641
-0.01	0.998403
-6.23078e-14	1
0.01	0.998403
0.02	0.993641
0.03	0.985804
0.04	0.975039
0.05	0.961538
0.06	0.945537
0.07	0.9273
0.08	0.907112
0.09	0.885269
0.1	0.862069
0.11	0.837802
0.12	0.812744
0.13	0.787154
0.14	0.761267
0.15	0.735294
0.16	0.709421
0.17	0.683807
0.18	0.658588
0.19	0.633874
0.2	0.609756
0.21	0.586304
0.22	0.563571
0.23	0.541594
0.24	0.5204
0.25	0.5
0.26	0.4804
0.27	0.461595
0.28	0.443577
0.29	0.42633
0.3	0.409836
0.31	0.394073
0.32	0.379018
0.33	0.364644
0.34	0.350926
0.35	0.337838
0.36	0.325351
0.37	0.31344
0.38	0.302078
0.39	0.29124
0.4	0.280899
0.41	0.271032
0.42	0.261616
0.43	0.252627
0.44	0.244045
0.45	0.235849
0.46	0.228019
0.47	0.220536
0.48	0.213383
0.49	0.206543
0.5	0.2
0.51	0.193738
0.52	0.187744
0.53	0.182003
0.54	0.176504
0.55	0.171233
0.56	0.166179
0.57	0.161332
0.58	0.156681
0.59	0.152216
0.6	0.147929
0.61	0.14381
0.62	0.139852
0.63	0.136047
0.64	0.132387
0.65	0.128866
0.66	0.125477
0.67	0.122214
0.68	0.11907
0.69	0.116042
0.7	0.113122
0.71	0.110307
0.72	0.107592
0.73	0.104971
0.74	0.102442
0.75	0.1
0.76	0.097641
0.77	0.0953616
0.78	0.0931584
0.79	0.0910283
0.8	0.088968
0.81	0.0869747
0.82	0.0850456
0.83	0.0831781
0.84	0.0813696
0.85	0.0796178
0.86	0.0779205
0.87	0.0762753
0.88	0.0746804
0.89	0.0731336
0.9	0.0716332
0.91	0.0701774
0.92	0.0687644
0.93	0.0673927
0.94	0.0660607
0.95	0.0647668
0.96	0.0635098
0.97	0.0622882
0.98	0.0611008
0.99	0.0599463
1	0.0588235
1.01	0.0577314
1.02	0.0566688
1.03	0.0556347
1.04	0.0546281
1.05	0.0536481
1.06	0.0526937
1.07	0.0517641
1.08	0.0508585
1.09	0.049976
1.1	0.0491159
1.11	0.0482775
1.12	0.0474599
1.13	0.0466627
1.14	0.045885
1.15	0.0451264
1.16	0.0443861
1.17	0.0436635
1.18	0.0429583
1.19	0.0422697
1.2	0.0415973
1.21	0.0409407
1.22	0.0402992
1.23	0.0396725
1.24	0.0390601
1.25	0.0384615
1.26	0.0378765
1.27	0.0373045
1.28	0.0367453
1.29	0.0361983
1.3	0.0356633
1.31	0.03514
1.32	0.034628
1.33	0.0341269
1.34	0.0336365
1.35	0.0331565
1.36	0.0326866
1.37	0.0322265
1.38	0.0317759
1.39	0.0313346
1.4	0.0309023
1.41	0.0304789
1.42	0.030064
1.43	0.0296574
1.44	0.0292589
1.45	0.0288684
1.46	0.0284855
1.47	0.0281101
1.48	0.027742
1.49	0.0273811
1.5	0.027027
1.51	0.0266798
1.52	0.0263391
1.53	0.0260048
1.54	0.0256768
1.55	0.025355
1.56	0.0250391
1.57	0.024729
1.58	0.0244246
1.59	0.0241257
1.6	0.0238322
1.61	0.023544
1.62	0.023261
1.63	0.022983
1.64	0.0227099
1.65	0.0224417
1.66	0.0221781
1.67	0.0219191
1.68	0.0216645
1.69	0.0214144
1.7	0.0211685
1.71	0.0209268
1.72	0.0206892
1.73	0.0204556
1.74	0.0202259
1.75	0.02
1.76	0.0197779
1.77	0.0195594
1.78	0.0193445
1.79	0.019133
1.8	0.0189251
1.81	0.0187204
1.82	0.0185191
1.83	0.0183209
1.84	0.0181259
1.85	0.017934
1.86	0.0177451
1.87	0.0175591
1.88	0.0173761
1.89	0.0171958
1.9	0.0170184
1.91	0.0168436
1.92	0.0166716
1.93	0.0165021
1.94	0.0163352
1.95	0.0161708
1.96	0.0160088
1.97	0.0158493
1.98	0.0156921
1.99	0.0155372
2	0.0153846
2.01	0.0152342
2.02	0.0150861
2.03	0.01494
2.04	0.0147961
2.05	0.0146542
2.06	0.0145143
2.07	0.0143764
2.08	0.0142405
2.09	0.0141064
2.1	0.0139743
2.11	0.013844
2.12	0.0137155
2.13	0.0135887
2.14	0.0134637
2.15	0.0133404
2.16	0.0132188
2.17	0.0130989
2.18	0.0129805
2.19	0.0128638
2.2	0.0127486
2.21	0.0126349
2.22	0.0125228
2.23	0.0124121
2.24	0.0123029
2.25	0.0121951
2.26	0.0120887
2.27	0.0119837
2.28	0.0118801
2.29	0.0117778
2.3	0.0116768
2.31	0.0115771
2.32	0.0114786
2.33	0.0113814
2.34	0.0112855
2.35	0.0111907
2.36	0.0110971
2.37	0.0110047
2.38	0.0109134
2.39	0.0108233
2.4	0.0107342
2.41	0.0106463
2.42	0.0105594
2.43	0.0104736
2.44	0.0103888
2.45	0.010305
2.46	0.0102223
2.47	0.0101405
2.48	0.0100597
2.49	0.00997988
2.5	0.00990099
2.51	0.00982303
2.52	0.00974598
2.53	0.00966983
2.54	0.00959457
2.55	0.00952018
2.56	0.00944665
2.57	0.00937397
2.58	0.00930212
2.59	0.00923109
2.6	0.00916086
2.61	0.00909144
2.62	0.0090228
2.63	0.00895492
2.64	0.00888781
2.65	0.00882145
2.66	0.00875583
2.67	0.00869094
2.68	0.00862676
2.69	0.00856329
2.7	0.00850051
2.71	0.00843842
2.72	0.00837701
2.73	0.00831626
2.74	0.00825617
2.75	0.00819672
2.76	0.00813791
2.77	0.00807974
2.78	0.00802218
2.79	0.00796523
2.8	0.00790889
2.81	0.00785314
2.82	0.00779798
2.83	0.00774339
2.84	0.00768937
2.85	0.00763592
2.86	0.00758302
2.87	0.00753066
2.88	0.00747885
2.89	0.00742757
2.9	0.00737681
2.91	0.00732657
2.92	0.00727683
2.93	0.00722761
2.94	0.00717887
2.95	0.00713063
2.96	0.00708288
2.97	0.00703559
2.98	0.00698878
2.99	0.00694244
3	0.00689655
3.01	0.00685112
3.02	0.00680613
3.03	0.00676158
3.04	0.00671747
3.05	0.00667379
3.06	0.00663053
3.07	0.00658768
3.08	0.00654526
3.09	0.00650324
3.1	0.00646162
3.11	0.0064204
3.12	0.00637957
3.13	0.00633913
3.14	0.00629907
3.15	0.00625939
3.16	0.00622008
3.17	0.00618114
3.18	0.00614257
3.19	0.00610435
3.2	0.00606649
3.21	0.00602898
3.22	0.00599181
3.23	0.00595499
3.24	0.0059185
3.25	0.00588235
3.26	0.00584653
3.27	0.00581103
3.28	0.00577586
3.29	0.005741
3.3	0.00570646
3.31	0.00567223
3.32	0.0056383
3.33	0.00560468
3.34	0.00557135
3.35	0.00553833
3.36	0.00550559
3.37	0.00547314
3.38	0.00544098
3.39	0.0054091
3.4	0.0053775
3.41	0.00534618
3.42	0.00531512
3.43	0.00528434
3.44	0.00525382
3.45	0.00522357
3.46	0.00519357
3.47	0.00516384
3.48	0.00513436
3.49	0.00510512
3.5	0.00507614
3.51	0.00504741
3.52	0.00501891
3.53	0.00499066
3.54	0.00496264
3.55	0.00493486
3.56	0.00490731
3.57	0.00487999
3.58	0.0048529
3.59	0.00482603
3.6	0.00479939
3.61	0.00477296
3.62	0.00474675
3.63	0.00472076
3.64	0.00469498
3.65	0.00466941
3.66	0.00464404
3.67	0.00461889
3.68	0.00459393
3.69	0.00456918
3.7	0.00454463
3.71	0.00452027
3.72	0.00449611
3.73	0.00447214
3.74	0.00444837
3.75	0.00442478
3.76	0.00440138
3.77	0.00437816
3.78	0.00435513
3.79	0.00433228
3.8	0.0043096
3.81	0.00428711
3.82	0.00426479
3.83	0.00424264
3.84	0.00422066
3.85	0.00419886
3.86	0.00417722
3.87	0.00415575
3.88	0.00413445
3.89	0.0041133
3.9	0.00409232
3.91	0.0040715
3.92	0.00405084
3.93	0.00403033
3.94	0.00400998
3.95	0.00398979
3.96	0.00396974
3.97	0.00394985
3.98	0.0039301
3.99	0.0039105
4	0.00389105
4.01	0.00387174
4.02	0.00385258
4.03	0.00383356
4.04	0.00381467
4.05	0.00379593
4.06	0.00377733
4.07	0.00375886
4.08	0.00374052
4.09	0.00372232
4.1	0.00370425
4.11	0.00368632
4.12	0.00366851
4.13	0.00365083
4.14	0.00363328
4.15	0.00361585
4.16	0.00359855
4.17	0.00358137
4.18	0.00356432
4.19	0.00354739
4.2	0.00353057
4.21	0.00351388
4.22	0.00349731
4.23	0.00348085
4.24	0.0034645
4.25	0.00344828
4.26	0.00343216
4.27	0.00341616
4.28	0.00340027
4.29	0.00338449
4.3	0.00336882
4.31	0.00335326
4.32	0.0033378
4.33	0.00332245
4.34	0.00330721
4.35	0.00329207
4.36	0.00327704
4.37	0.00326211
4.38	0.00324728
4.39	0.00323255
4.4	0.00321792
4.41	0.00320339
4.42	0.00318895
4.43	0.00317462
4.44	0.00316038
4.45	0.00314624
4.46	0.00313219
4.47	0.00311823
4.48	0.00310437
4.49	0.0030906
4.5	0.00307692
4.51	0.00306334
4.52	0.00304984
4.53	0.00303643
4.54	0.00302311
4.55	0.00300987
4.56	0.00299673
4.57	0.00298366
4.58	0.00297069
4.59	0.0029578
4.6	0.00294499
4.61	0.00293226
4.62	0.00291962
4.63	0.00290706
4.64	0.00289458
4.65	0.00288218
4.66	0.00286986
4.67	0.00285761
4.68	0.00284545
4.69	0.00283336
4.7	0.00282135
4.71	0.00280942
4.72	0.00279756
4.73	0.00278578
4.74	0.00277407
4.75	0.00276243
4.76	0.00275087
4.77	0.00273938
4.78	0.00272796
4.79	0.00271661
4.8	0.00270533
4.81	0.00269413
4.82	0.00268299
4.83	0.00267192
4.84	0.00266092
4.85	0.00264999
4.86	0.00263912
4.87	0.00262833
4.88	0.00261759
4.89	0.00260693
4.9	0.00259632
4.91	0.00258579
4.92	0.00257531
4.93	0.0025649
4.94	0.00255456
4.95	0.00254427
4.96	0.00253405
4.97	0.00252389
4.98	0.00251379
4.99	0.00250375
5	0.00249377
L10________________________
-5	0.00249377
-4.99	0.449817
-4.98	0.872848
-4.97	1.27238
-4.96	1.64918
-4.95	2.00401
-4.94	2.3376
-4.93	2.65068
-4.92	2.94395
-4.91	3.21808
-4.9	3.47376
-4.89	3.71163
-4.88	3.93234
-4.87	4.1365
-4.86	4.32471
-4.85	4.49758
-4.84	4.65567
-4.83	4.79955
-4.82	4.92976
-4.81	5.04685
-4.8	5.15132
-4.79	5.24368
-4.78	5.32443
-4.77	5.39404
-4.76	5.45298
-4.75	5.50172
-4.74	5.54068
-4.73	5.5703
-4.72	5.59099
-4.71	5.60317
-4.7	5.60724
-4.69	5.60356
-4.68	5.59252
-4.67	5.57448
-4.66	5.54979
-4.65	5.5188
-4.64	5.48183
-4.63	5.43921
-4.62	5.39125
-4.61	5.33825
-4.6	5.28051
-4.59	5.21831
-4.58	5.15193
-4.57	5.08163
-4.56	5.00767
-4.55	4.93031
-4.54	4.84978
-4.53	4.76633
-4.52	4.68016
-4.51	4.59152
-4.5	4.5006
-4.49	4.4076
-4.48	4.31274
-4.47	4.21619
-4.46	4.11814
-4.45	4.01877
-4.44	3.91824
-4.43	3.81673
-4.42	3.71438
-4.41	3.61135
-4.4	3.50779
-4.39	3.40382
-4.38	3.2996
-4.37	3.19524
-4.36	3.09088
-4.35	2.98662
-4.34	2.88258
-4.33	2.77887
-4.32	2.67559
-4.31	2.57285
-4.3	2.47072
-4.29	2.36931
-4.28	2.2687
-4.27	2.16896
-4.26	2.07018
-4.25	1.97243
-4.24	1.87578
-4.23	1.78028
-4.22	1.68601
-4.21	1.59301
-4.2	1.50135
-4.19	1.41107
-4.18	1.32222
-4.17	1.23485
-4.16	1.14899
-4.15	1.06468
-4.14	0.981966
-4.13	0.900868
-4.12	0.821419
-4.11	0.743645
-4.1	0.667572
-4.09	0.593219
-4.08	0.520607
-4.07	0.449751
-4.06	0.380666
-4.05	0.313365
-4.04	0.247857
-4.03	0.184151
-4.02	0.122252
-4.01	0.0621644
-4	0.00389105
-3.99	-0.0525679
-3.98	-0.107214
-3.97	-0.160049
-3.96	-0.211078
-3.95	-0.260307
-3.94	-0.307744
-3.93	-0.353397
-3.92	-0.397276
-3.91	-0.439392
-3.9	-0.479759
-3.89	-0.518391
-3.88	-0.555301
-3.87	-0.590506
-3.86	-0.624024
-3.85	-0.655872
-3.84	-0.686069
-3.83	-0.714635
-3.82	-0.741591
-3.81	-0.766957
-3.8	-0.790757
-3.79	-0.813013
-3.78	-0.833749
-3.77	-0.852989
-3.76	-0.870757
-3.75	-0.887079
-3.74	-0.901981
-3.73	-0.915488
-3.72	-0.927629
-3.71	-0.938428
-3.7	-0.947915
-3.69	-0.956117
-3.68	-0.963062
-3.67	-0.968778
-3.66	-0.973294
-3.65	-0.976638
-3.64	-0.97884
-3.63	-0.979928
-3.62	-0.979933
-3.61	-0.978882
-3.6	-0.976807
-3.59	-0.973735
-3.58	-0.969697
-3.57	-0.964721
-3.56	-0.958838
-3.55	-0.952077
-3.54	-0.944467
-3.53	-0.936038
-3.52	-0.926818
-3.51	-0.916837
-3.5	-0.906123
-3.49	-0.894705
-3.48	-0.882613
-3.47	-0.869873
-3.46	-0.856515
-3.45	-0.842566
-3.44	-0.828053
-3.43	-0.813006
-3.42	-0.79745
-3.41	-0.781412
-3.4	-0.76492
-3.39	-0.747999
-3.38	-0.730675
-3.37	-0.712975
-3.36	-0.694924
-3.35	-0.676545
-3.34	-0.657866
-3.33	-0.638908
-3.32	-0.619698
-3.31	-0.600257
-3.3	-0.58061
-3.29	-0.560779
-3.28	-0.540786
-3.27	-0.520654
-3.26	-0.500404
-3.25	-0.480057
-3.24	-0.459634
-3.23	-0.439156
-3.22	-0.418642
-3.21	-0.398112
-3.2	-0.377585
-3.19	-0.357079
-3.18	-0.336613
-3.17	-0.316205
-3.16	-0.295871
-3.15	-0.275629
-3.14	-0.255495
-3.13	-0.235486
-3.12	-0.215615
-3.11	-0.1959
-3.1	-0.176354
-3.09	-0.156991
-3.08	-0.137825
-3.07	-0.11887
-3.06	-0.100139
-3.05	-0.0816428
-3.04	-0.0633947
-3.03	-0.0454058
-3.02	-0.0276873
-3.01	-0.0102498
-3	0.00689655
-2.99	0.0237419
-2.98	0.040277
-2.97	0.0564929
-2.96	0.0723811
-2.95	0.0879335
-2.94	0.103143
-2.93	0.118001
-2.92	0.132502
-2.91	0.146639
-2.9	0.160406
-2.89	0.173797
-2.88	0.186808
-2.87	0.199433
-2.86	0.211669
-2.85	0.22351
-2.84	0.234953
-2.83	0.245996
-2.82	0.256634
-2.81	0.266866
-2.8	0.276689
-2.79	0.286101
-2.78	0.295101
-2.77	0.303688
-2.76	0.31186
-2.75	0.319618
-2.74	0.32696
-2.73	0.333888
-2.72	0.340401
-2.71	0.346501
-2.7	0.352188
-2.69	0.357464
-2.68	0.36233
-2.67	0.366788
-2.66	0.370841
-2.65	0.374491
-2.64	0.37774
-2.63	0.380591
-2.62	0.383049
-2.61	0.385116
-2.6	0.386795
-2.59	0.388092
-2.58	0.38901
-2.57	0.389553
-2.56	0.389726
-2.55	0.389534
-2.54	0.388982
-2.53	0.388076
-2.52	0.386819
-2.51	0.385219
-2.5	0.383281
-2.49	0.381011
-2.48	0.378414
-2.47	0.375498
-2.46	0.372268
-2.45	0.368732
-2.44	0.364895
-2.43	0.360765
-2.42	0.356348
-2.41	0.351652
-2.4	0.346684
-2.39	0.341451
-2.38	0.335961
-2.37	0.330221
-2.36	0.324238
-2.35	0.318021
-2.34	0.311577
-2.33	0.304914
-2.32	0.298039
-2.31	0.290962
-2.3	0.283689
-2.29	0.276229
-2.28	0.26859
-2.27	0.26078
-2.26	0.252807
-2.25	0.24468
-2.24	0.236407
-2.23	0.227996
-2.22	0.219455
-2.21	0.210792
-2.2	0.202017
-2.19	0.193137
-2.18	0.18416
-2.17	0.175096
-2.16	0.165951
-2.15	0.156734
-2.14	0.147455
-2.13	0.138119
-2.12	0.128737
-2.11	0.119316
-2.1	0.109864
-2.09	0.100389
-2.08	0.0908989
-2.07	0.0814022
-2.06	0.0719064
-2.05	0.0624193
-2.04	0.0529488
-2.03	0.0435025
-2.02	0.034088
-2.01	0.0247129
-2	0.0153846
-1.99	0.00611053
-1.98	-0.00310208
-1.97	-0.012246
-1.96	-0.0213141
-1.95	-0.0302994
-1.94	-0.039195
-1.93	-0.0479941
-1.92	-0.0566899
-1.91	-0.0652759
-1.9	-0.0737456
-1.89	-0.0820925
-1.88	-0.0903105
-1.87	-0.0983934
-1.86	-0.106335
-1.85	-0.11413
-1.84	-0.121772
-1.83	-0.129255
-1.82	-0.136574
-1.81	-0.143724
-1.8	-0.150699
-1.79	-0.157495
-1.78	-0.164105
-1.77	-0.170526
-1.76	-0.176752
-1.75	-0.18278
-1.74	-0.188604
-1.73	-0.19422
-1.72	-0.199624
-1.71	-0.204813
-1.7	-0.209781
-1.69	-0.214526
-1.68	-0.219044
-1.67	-0.223332
-1.66	-0.227386
-1.65	-0.231202
-1.64	-0.234779
-1.63	-0.238113
-1.62	-0.241202
-1.61	-0.244043
-1.6	-0.246633
-1.59	-0.248971
-1.58	-0.251054
-1.57	-0.252881
-1.56	-0.25445
-1.55	-0.255758
-1.54	-0.256805
-1.53	-0.25759
-1.52	-0.258111
-1.51	-0.258366
-1.5	-0.258356
-1.49	-0.25808
-1.48	-0.257537
-1.47	-0.256726
-1.46	-0.255648
-1.45	-0.254302
-1.44	-0.252688
-1.43	-0.250806
-1.42	-0.248657
-1.41	-0.246242
-1.4	-0.24356
-1.39	-0.240613
-1.38	-0.237402
-1.37	-0.233927
-1.36	-0.230189
-1.35	-0.226191
-1.34	-0.221933
-1.33	-0.217417
-1.32	-0.212645
-1.31	-0.207618
-1.3	-0.202339
-1.29	-0.196809
-1.28	-0.191032
-1.27	-0.185009
-1.26	-0.178742
-1.25	-0.172234
-1.24	-0.165489
-1.23	-0.158509
-1.22	-0.151296
-1.21	-0.143854
-1.2	-0.136186
-1.19	-0.128296
-1.18	-0.120186
-1.17	-0.11186
-1.16	-0.103323
-1.15	-0.0945764
-1.14	-0.0856256
-1.13	-0.0764741
-1.12	-0.0671258
-1.11	-0.0575848
-1.1	-0.0478554
-1.09	-0.0379418
-1.08	-0.0278484
-1.07	-0.0175795
-1.06	-0.00713985
-1.05	0.00346611
-1.04	0.0142336
-1.03	0.025158
-1.02	0.0362344
-1.01	0.0474579
-1	0.0588235
-0.99	0.0703263
-0.98	0.0819611
-0.97	0.0937228
-0.96	0.105606
-0.95	0.117606
-0.94	0.129717
-0.93	0.141934
-0.92	0.154251
-0.91	0.166663
-0.9	0.179164
-0.89	0.19175
-0.88	0.204413
-0.87	0.21715
-0.86	0.229953
-0.85	0.242818
-0.84	0.255739
-0.83	0.26871
-0.82	0.281725
-0.81	0.294779
-0.8	0.307866
-0.79	0.32098
-0.78	0.334116
-0.77	0.347266
-0.76	0.360427
-0.75	0.373592
-0.74	0.386755
-0.73	0.39991
-0.72	0.413052
-0.71	0.426175
-0.7	0.439273
-0.69	0.45234
-0.68	0.465371
-0.67	0.47836
-0.66	0.491301
-0.65	0.504189
-0.64	0.517018
-0.63	0.529782
-0.62	0.542476
-0.61	0.555094
-0.6	0.56763
-0.59	0.580081
-0.58	0.592438
-0.57	0.604699
-0.56	0.616856
-0.55	0.628906
-0.54	0.640841
-0.53	0.652659
-0.52	0.664352
-0.51	0.675917
-0.5	0.687347
-0.49	0.698639
-0.48	0.709787
-0.47	0.720787
-0.46	0.731633
-0.45	0.742321
-0.44	0.752846
-0.43	0.763204
-0.42	0.773391
-0.41	0.783401
-0.4	0.793231
-0.39	0.802876
-0.38	0.812332
-0.37	0.821596
-0.36	0.830662
-0.35	0.839527
-0.34	0.848188
-0.33	0.85664
-0.32	0.86488
-0.31	0.872905
-0.3	0.88071
-0.29	0.888293
-0.28	0.89565
-0.27	0.902778
-0.26	0.909674
-0.25	0.916335
-0.24	0.922759
-0.23	0.928941
-0.22	0.934881
-0.21	0.940575
-0.2	0.94602
-0.19	0.951215
-0.18	0.956157
-0.17	0.960844
-0.16	0.965274
-0.15	0.969445
-0.14	0.973356
-0.13	0.977004
-0.12	0.980388
-0.11	0.983507
-0.1	0.986359
-0.09	0.988943
-0.08	0.991259
-0.07	0.993304
-0.06	0.995078
-0.05	0.996581
-0.04	0.997811
-0.03	0.998768
-0.02	0.999452
-0.01	0.999863
-6.23078e-14	1
0.01	0.999863
0.02	0.999452
0.03	0.998768
0.04	0.997811
0.05	0.996581
0.06	0.995078
0.07	0.993304
0.08	0.991259
0.09	0.988943
0.1	0.986359
0.11	0.983507
0.12	0.980388
0.13	0.977004
0.14	0.973356
0.15	0.969445
0.16	0.965274
0.17	0.960844
0.18	0.956157
0.19	0.951215
0.2	0.94602
0.21	0.940575
0.22	0.934881
0.23	0.928941
0.24	0.922759
0.25	0.916335
0.26	0.909674
0.27	0.902778
0.28	0.89565
0.29	0.888293
0.3	0.88071
0.31	0.872905
0.32	0.86488
0.33	0.85664
0.34	0.848188
0.35	0.839527
0.36	0.830662
0.37	0.821596
0.38	0.812332
0.39	0.802876
0.4	0.793231
0.41	0.783401
0.42	0.773391
0.43	0.763204
0.44	0.752846
0.45	0.742321
0.46	0.731633
0.47	0.720787
0.48	0.709787
0.49	0.698639
0.5	0.687347
0.51	0.675917
0.52	0.664352
0.53	0.652659
0.54	0.640841
0.55	0.628906
0.56	0.616856
0.57	0.604699
0.58	0.592438
0.59	0.580081
0.6	0.56763
0.61	0.555094
0.62	0.542476
0.63	0.529782
0.64	0.517018
0.65	0.504189
0.66	0.491301
0.67	0.47836
0.68	0.465371
0.69	0.45234
0.7	0.439273
0.71	0.426175
0.72	0.413052
0.73	0.39991
0.74	0.386755
0.75	0.373592
0.76	0.360427
0.77	0.347266
0.78	0.334116
0.79	0.32098
0.8	0.307866
0.81	0.294779
0.82	0.281725
0.83	0.26871
0.84	0.255739
0.85	0.242818
0.86	0.229953
0.87	0.21715
0.88	0.204413
0.89	0.19175
0.9	0.179164
0.91	0.166663
0.92	0.154251
0.93	0.141934
0.94	0.129717
0.95	0.117606
0.96	0.105606
0.97	0.0937228
0.98	0.0819611
0.99	0.0703263
1	0.0588235
1.01	0.0474579
1.02	0.0362344
1.03	0.025158
1.04	0.0142336
1.05	0.00346611
1.06	-0.00713985
1.07	-0.0175795
1.08	-0.0278484
1.09	-0.0379418
1.1	-0.0478554
1.11	-0.0575848
1.12	-0.0671258
1.13	-0.0764741
1.14	-0.0856256
1.15	-0.0945764
1.16	-0.103323
1.17	-0.11186
1.18	-0.120186
1.19	-0.128296
1.2	-0.136186
1.21	-0.143854
1.22	-0.151296
1.23	-0.158509
1.24	-0.165489
1.25	-0.172234
1.26	-0.178742
1.27	-0.185009
1.28	-0.191032
1.29	-0.196809
1.3	-0.202339
1.31	-0.207618
1.32	-0.212645
1.33	-0.217417
1.34	-0.221933
1.35	-0.226191
1.36	-0.230189
1.37	-0.233927
1.38	-0.237402
1.39	-0.240613
1.4	-0.24356
1.41	-0.246242
1.42	-0.248657
1.43	-0.250806
1.44	-0.252688
1.45	-0.254302
1.46	-0.255648
1.47	-0.256726
1.48	-0.257537
1.49	-0.25808
1.5	-0.258356
1.51	-0.258366
1.52	-0.258111
1.53	-0.25759
1.54	-0.256805
1.55	-0.255758
1.56	-0.25445
1.57	-0.252881
1.58	-0.251054
1.59	-0.248971
1.6	-0.246633
1.61	-0.244043
1.62	-0.241202
1.63	-0.238113
1.64	-0.234779
1.65	-0.231202
1.66	-0.227386
1.67	-0.223332
1.68	-0.219044
1.69	-0.214526
1.7	-0.209781
1.71	-0.204813
1.72	-0.199624
1.73	-0.19422
1.74	-0.188604
1.75	-0.18278
1.76	-0.176752
1.77	-0.170526
1.78	-0.164105
1.79	-0.157495
1.8	-0.150699
1.81	-0.143724
1.82	-0.136574
1.83	-0.129255
1.84	-0.121772
1.85	-0.11413
1.86	-0.106335
1.87	-0.0983934
1.88	-0.0903105
1.89	-0.0820925
1.9	-0.0737456
1.91	-0.0652759
1.92	-0.0566899
1.93	-0.0479941
1.94	-0.039195
1.95	-0.0302994
1.96	-0.0213141
1.97	-0.012246
1.98	-0.00310208
1.99	0.00611053
2	0.0153846
2.01	0.0247129
2.02	0.034088
2.03	0.0435025
2.04	0.0529488
2.05	0.0624193
2.06	0.0719064
2.07	0.0814022
2.08	0.0908989
2.09	0.100389
2.1	0.109864
2.11	0.119316
2.12	0.128737
2.13	0.138119
2.14	0.147455
2.15	0.156734
2.16	0.165951
2.17	0.175096
2.18	0.18416
2.19	0.193137
2.2	0.202017
2.21	0.210792
2.22	0.219455
2.23	0.227996
2.24	0.236407
2.25	0.24468
2.26	0.252807
2.27	0.26078
2.28	0.26859
2.29	0.276229
2.3	0.283689
2.31	0.290962
2.32	0.298039
2.33	0.304914
2.34	0.311577
2.35	0.318021
2.36	0.324238
2.37	0.330221
2.38	0.335961
2.39	0.341451
2.4	0.346684
2.41	0.351652
2.42	0.356348
2.43	0.360765
2.44	0.364895
2.45	0.368732
2.46	0.372268
2.47	0.375498
2.48	0.378414
2.49	0.381011
2.5	0.383281
2.51	0.385219
2.52	0.386819
2.53	0.388076
2.54	0.388982
2.55	0.389534
2.56	0.389726
2.57	0.389553
2.58	0.38901
2.59	0.388092
2.6	0.386795
2.61	0.385116
2.62	0.383049
2.63	0.380591
2.64	0.37774
2.65	0.374491
2.66	0.370841
2.67	0.366788
2.68	0.36233
2.69	0.357464
2.7	0.352188
2.71	0.346501
2.72	0.340401
2.73	0.333888
2.74	0.32696
2.75	0.319618
2.76	0.31186
2.77	0.303688
2.78	0.295101
2.79	0.286101
2.8	0.276689
2.81	0.266866
2.82	0.256634
2.83	0.245996
2.84	0.234953
2.85	0.22351
2.86	0.211669
2.87	0.199433
2.88	0.186808
2.89	0.173797
2.9	0.160406
2.91	0.146639
2.92	0.132502
2.93	0.118001
2.94	0.103143
2.95	0.0879335
2.96	0.0723811
2.97	0.0564929
2.98	0.040277
2.99	0.0237419
3	0.00689655
3.01	-0.0102498
3.02	-0.0276873
3.03	-0.0454058
3.04	-0.0633947
3.05	-0.0816428
3.06	-0.100139
3.07	-0.11887
3.08	-0.137825
3.09	-0.156991
3.1	-0.176354
3.11	-0.1959
3.12	-0.215615
3.13	-0.235486
3.14	-0.255495
3.15	-0.275629
3.16	-0.295871
3.17	-0.316205
3.18	-0.336613
3.19	-0.357079
3.2	-0.377585
3.21	-0.398112
3.22	-0.418642
3.23	-0.439156
3.24	-0.459634
3.25	-0.480057
3.26	-0.500404
3.27	-0.520654
3.28	-0.540786
3.29	-0.560779
3.3	-0.58061
3.31	-0.600257
3.32	-0.619698
3.33	-0.638908
3.34	-0.657866
3.35	-0.676545
3.36	-0.694924
3.37	-0.712975
3.38	-0.730675
3.39	-0.747999
3.4	-0.76492
3.41	-0.781412
3.42	-0.79745
3.43	-0.813006
3.44	-0.828053
3.45	-0.842566
3.46	-0.856515
3.47	-0.869873
3.48	-0.882613
3.49	-0.894705
3.5	-0.906123
3.51	-0.916837
3.52	-0.926818
3.53	-0.936038
3.54	-0.944467
3.55	-0.952077
3.56	-0.958838
3.57	-0.964721
3.58	-0.969697
3.59	-0.973735
3.6	-0.976807
3.61	-0.978882
3.62	-0.979933
3.63	-0.979928
3.64	-0.97884
3.65	-0.976638
3.66	-0.973294
3.67	-0.968778
3.68	-0.963062
3.69	-0.956117
3.7	-0.947915
3.71	-0.938428
3.72	-0.927629
3.73	-0.915488
3.74	-0.901981
3.75	-0.887079
3.76	-0.870757
3.77	-0.852989
3.78	-0.833749
3.79	-0.813013
3.8	-0.790757
3.81	-0.766957
3.82	-0.741591
3.83	-0.714635
3.84	-0.686069
3.85	-0.655872
3.86	-0.624024
3.87	-0.590506
3.88	-0.555301
3.89	-0.518391
3.9	-0.479759
3.91	-0.439392
3.92	-0.397276
3.93	-0.353397
3.94	-0.307744
3.95	-0.260307
3.96	-0.211078
3.97	-0.160049
3.98	-0.107214
3.99	-0.0525679
4	0.00389105
4.01	0.0621644
4.02	0.122252
4.03	0.184151
4.04	0.247857
4.05	0.313365
4.06	0.380666
4.07	0.449751
4.08	0.520607
4.09	0.593219
4.1	0.667572
4.11	0.743645
4.12	0.821419
4.13	0.900868
4.14	0.981966
4.15	1.06468
4.16	1.14899
4.17	1.23485
4.18	1.32222
4.19	1.41107
4.2	1.50135
4.21	1.59301
4.22	1.68601
4.23	1.78028
4.24	1.87578
4.25	1.97243
4.26	2.07018
4.27	2.16896
4.28	2.2687
4.29	2.36931
4.3	2.47072
4.31	2.57285
4.32	2.67559
4.33	2.77887
4.34	2.88258
4.35	2.98662
4.36	3.09088
4.37	3.19524
4.38	3.2996
4.39	3.40382
4.4	3.50779
4.41	3.61135
4.42	3.71438
4.43	3.81673
4.44	3.91824
4.45	4.01877
4.46	4.11814
4.47	4.21619
4.48	4.31274
4.49	4.4076
4.5	4.5006
4.51	4.59152
4.52	4.68016
4.53	4.76633
4.54	4.84978
4.55	4.93031
4.56	5.00767
4.57	5.08163
4.58	5.15193
4.59	5.21831
4.6	5.28051
4.61	5.33825
4.62	5.39125
4.63	5.43921
4.64	5.48183
4.65	5.5188
4.66	5.54979
4.67	5.57448
4.68	5.59252
4.69	5.60356
4.7	5.60724
4.71	5.60317
4.72	5.59099
4.73	5.5703
4.74	5.54068
4.75	5.50172
4.76	5.45298
4.77	5.39404
4.78	5.32443
4.79	5.24368
4.8	5.15132
4.81	5.04685
4.82	4.92976
4.83	4.79955
4.84	4.65567
4.85	4.49758
4.86	4.32471
4.87	4.1365
4.88	3.93234
4.89	3.71163
4.9	3.47376
4.91	3.21808
4.92	2.94395
4.93	2.65068
4.94	2.3376
4.95	2.00401
4.96	1.64918
4.97	1.27238
4.98	0.872848
4.99	0.449817
5	0.00249377
L20************************
-5	0.00249377
-4.99	-240.154
-4.98	-447.419
-4.97	-624.747
-4.96	-774.887
-4.95	-900.39
-4.94	-1003.62
-4.93	-1086.78
-4.92	-1151.88
-4.91	-1200.82
-4.9	-1235.31
-4.89	-1256.95
-4.88	-1267.23
-4.87	-1267.48
-4.86	-1258.95
-4.85	-1242.78
-4.84	-1220.02
-4.83	-1191.6
-4.82	-1158.4
-4.81	-1121.21
-4.8	-1080.74
-4.79	-1037.64
-4.78	-992.499
-4.77	-945.837
-4.76	-898.128
-4.75	-849.794
-4.74	-801.21
-4.73	-752.709
-4.72	-704.582
-4.71	-657.087
-4.7	-610.447
-4.69	-564.852
-4.68	-520.468
-4.67	-477.433
-4.66	-435.861
-4.65	-395.845
-4.64	-357.459
-4.63	-320.761
-4.62	-285.789
-4.61	-252.571
-4.6	-221.12
-4.59	-191.437
-4.58	-163.514
-4.57	-137.334
-4.56	-112.872
-4.55	-90.0949
-4.54	-68.9657
-4.53	-49.4406
-4.52	-31.4721
-4.51	-15.009
-4.5	0.00307692
-4.49	13.6206
-4.48	25.9021
-4.47	36.9074
-4.46	46.6971
-4.45	55.3324
-4.44	62.8746
-4.43	69.3849
-4.42	74.9238
-4.41	79.5513
-4.4	83.3262
-4.39	86.3062
-4.38	88.5478
-4.37	90.1058
-4.36	91.0335
-4.35	91.3823
-4.34	91.2022
-4.33	90.5408
-4.32	89.444
-4.31	87.9559
-4.3	86.1182
-4.29	83.9709
-4.28	81.5519
-4.27	78.8969
-4.26	76.0399
-4.25	73.0127
-4.24	69.8451
-4.23	66.5652
-4.22	63.1991
-4.21	59.771
-4.2	56.3034
-4.19	52.8172
-4.18	49.3314
-4.17	45.8634
-4.16	42.4292
-4.15	39.0432
-4.14	35.7184
-4.13	32.4664
-4.12	29.2975
-4.11	26.2209
-4.1	23.2443
-4.09	20.3746
-4.08	17.6176
-4.07	14.9779
-4.06	12.4594
-4.05	10.065
-4.04	7.79681
-4.03	5.65626
-4.02	3.64401
-4.01	1.76007
-4	0.00389105
-3.99	-1.62565
-3.98	-3.13015
-3.97	-4.51168
-3.96	-5.7727
-3.95	-6.91603
-3.94	-7.94483
-3.93	-8.86253
-3.92	-9.67282
-3.91	-10.3796
-3.9	-10.9869
-3.89	-11.499
-3.88	-11.9202
-3.87	-12.2549
-3.86	-12.5077
-3.85	-12.683
-3.84	-12.7855
-3.83	-12.8197
-3.82	-12.7901
-3.81	-12.7012
-3.8	-12.5575
-3.79	-12.3633
-3.78	-12.1229
-3.77	-11.8406
-3.76	-11.5204
-3.75	-11.1662
-3.74	-10.782
-3.73	-10.3714
-3.72	-9.93809
-3.71	-9.48544
-3.7	-9.01674
-3.69	-8.53516
-3.68	-8.04367
-3.67	-7.54512
-3.66	-7.04218
-3.65	-6.53737
-3.64	-6.03307
-3.63	-5.53148
-3.62	-5.03466
-3.61	-4.54451
-3.6	-4.0628
-3.59	-3.59112
-3.58	-3.13095
-3.57	-2.68361
-3.56	-2.25028
-3.55	-1.83202
-3.54	-1.42975
-3.53	-1.04429
-3.52	-0.676298
-3.51	-0.326358
-3.5	0.00507614
-3.49	0.317651
-3.48	0.611111
-3.47	0.885298
-3.46	1.14014
-3.45	1.37565
-3.44	1.59192
-3.43	1.78912
-3.42	1.96748
-3.41	2.1273
-3.4	2.26893
-3.39	2.3928
-3.38	2.49934
-3.37	2.58908
-3.36	2.66255
-3.35	2.72034
-3.34	2.76305
-3.33	2.79132
-3.32	2.80581
-3.31	2.80719
-3.3	2.79618
-3.29	2.77346
-3.28	2.73976
-3.27	2.69579
-3.26	2.64228
-3.25	2.57995
-3.24	2.50951
-3.23	2.43169
-3.22	2.34718
-3.21	2.25669
-3.2	2.16088
-3.19	2.06043
-3.18	1.95598
-3.17	1.84818
-3.16	1.73763
-3.15	1.62492
-3.14	1.51064
-3.13	1.39533
-3.12	1.2795
-3.11	1.16368
-3.1	1.04832
-3.09	0.933882
-3.08	0.820792
-3.07	0.709447
-3.06	0.60022
-3.05	0.493457
-3.04	0.389478
-3.03	0.288578
-3.02	0.191023
-3.01	0.0970572
-3	0.00689655
-2.99	-0.0792667
-2.98	-0.161265
-2.97	-0.238954
-2.96	-0.312213
-2.95	-0.380945
-2.94	-0.445073
-2.93	-0.504542
-2.92	-0.559318
-2.91	-0.609384
-2.9	-0.654746
-2.89	-0.695423
-2.88	-0.731454
-2.87	-0.762893
-2.86	-0.78981
-2.85	-0.812287
-2.84	-0.830422
-2.83	-0.844324
-2.82	-0.854112
-2.81	-0.859918
-2.8	-0.861882
-2.79	-0.860152
-2.78	-0.854886
-2.77	-0.846246
-2.76	-0.834403
-2.75	-0.819529
-2.74	-0.801804
-2.73	-0.78141
-2.72	-0.758532
-2.71	-0.733356
-2.7	-0.706069
-2.69	-0.67686
-2.68	-0.645917
-2.67	-0.613426
-2.66	-0.579574
-2.65	-0.544542
-2.64	-0.508513
-2.63	-0.471663
-2.62	-0.434165
-2.61	-0.39619
-2.6	-0.357902
-2.59	-0.319462
-2.58	-0.281023
-2.57	-0.242734
-2.56	-0.204738
-2.55	-0.167173
-2.54	-0.130167
-2.53	-0.0938434
-2.52	-0.0583194
-2.51	-0.0237039
-2.5	0.00990099
-2.49	0.0424005
-2.48	0.0737072
-2.47	0.103741
-2.46	0.132429
-2.45	0.159706
-2.44	0.185515
-2.43	0.209804
-2.42	0.23253
-2.41	0.253657
-2.4	0.273156
-2.39	0.291004
-2.38	0.307185
-2.37	0.32169
-2.36	0.334517
-2.35	0.345669
-2.34	0.355155
-2.33	0.362989
-2.32	0.369194
-2.31	0.373793
-2.3	0.376819
-2.29	0.378305
-2.28	0.378294
-2.27	0.376827
-2.26	0.373954
-2.25	0.369726
-2.24	0.364197
-2.23	0.357427
-2.22	0.349475
-2.21	0.340404
-2.2	0.330281
-2.19	0.319172
-2.18	0.307147
-2.17	0.294276
-2.16	0.280629
-2.15	0.26628
-2.14	0.251301
-2.13	0.235765
-2.12	0.219745
-2.11	0.203314
-2.1	0.186544
-2.09	0.169507
-2.08	0.152274
-2.07	0.134914
-2.06	0.117496
-2.05	0.100087
-2.04	0.0827514
-2.03	0.0655533
-2.02	0.0485537
-2.01	0.0318119
-2	0.0153846
-1.99	-0.000673709
-1.98	-0.0163112
-1.97	-0.0314788
-1.96	-0.04613
-1.95	-0.0602213
-1.94	-0.073712
-1.93	-0.0865646
-1.92	-0.0987444
-1.91	-0.11022
-1.9	-0.120963
-1.89	-0.130948
-1.88	-0.140153
-1.87	-0.148559
-1.86	-0.15615
-1.85	-0.162915
-1.84	-0.168842
-1.83	-0.173926
-1.82	-0.178163
-1.81	-0.181553
-1.8	-0.184099
-1.79	-0.185805
-1.78	-0.186679
-1.77	-0.186734
-1.76	-0.185981
-1.75	-0.184436
-1.74	-0.182119
-1.73	-0.179049
-1.72	-0.17525
-1.71	-0.170747
-1.7	-0.165566
-1.69	-0.159735
-1.68	-0.153286
-1.67	-0.146251
-1.66	-0.138663
-1.65	-0.130556
-1.64	-0.121968
-1.63	-0.112934
-1.62	-0.103493
-1.61	-0.0936847
-1.6	-0.0835471
-1.59	-0.0731207
-1.58	-0.062446
-1.57	-0.0515636
-1.56	-0.0405141
-1.55	-0.0293382
-1.54	-0.0180767
-1.53	-0.00676977
-1.52	0.00454267
-1.51	0.0158212
-1.5	0.027027
-1.49	0.0381221
-1.48	0.0490693
-1.47	0.0598324
-1.46	0.0703763
-1.45	0.0806668
-1.44	0.0906714
-1.43	0.100359
-1.42	0.109698
-1.41	0.118662
-1.4	0.127223
-1.39	0.135357
-1.38	0.143038
-1.37	0.150246
-1.36	0.156961
-1.35	0.163165
-1.34	0.168841
-1.33	0.173974
-1.32	0.178554
-1.31	0.182569
-1.3	0.186011
-1.29	0.188873
-1.28	0.191152
-1.27	0.192844
-1.26	0.193951
-1.25	0.194472
-1.24	0.194413
-1.23	0.193777
-1.22	0.192574
-1.21	0.190813
-1.2	0.188504
-1.19	0.18566
-1.18	0.182298
-1.17	0.178432
-1.16	0.174082
-1.15	0.169267
-1.14	0.164009
-1.13	0.15833
-1.12	0.152255
-1.11	0.145808
-1.1	0.139018
-1.09	0.131912
-1.08	0.124519
-1.07	0.116869
-1.06	0.108994
-1.05	0.100924
-1.04	0.0926924
-1.03	0.0843327
-1.02	0.0758785
-1.01	0.0673639
-1	0.0588235
-0.99	0.0502923
-0.98	0.0418051
-0.97	0.0333971
-0.96	0.0251035
-0.95	0.0169591
-0.94	0.00899875
-0.93	0.00125693
-0.92	-0.00623228
-0.91	-0.0134353
-0.9	-0.020319
-0.89	-0.0268512
-0.88	-0.033
-0.87	-0.0387348
-0.86	-0.0440256
-0.85	-0.0488434
-0.84	-0.0531606
-0.83	-0.0569502
-0.82	-0.0601867
-0.81	-0.062846
-0.8	-0.0649051
-0.79	-0.0663425
-0.78	-0.0671381
-0.77	-0.0672733
-0.76	-0.0667311
-0.75	-0.065496
-0.74	-0.0635544
-0.73	-0.0608941
-0.72	-0.0575046
-0.71	-0.0533774
-0.7	-0.0485055
-0.69	-0.0428839
-0.68	-0.0365092
-0.67	-0.0293799
-0.66	-0.0214964
-0.65	-0.0128608
-0.64	-0.00347706
-0.63	0.00664898
-0.62	0.0175097
-0.61	0.0290958
-0.6	0.041396
-0.59	0.0543974
-0.58	0.0680853
-0.57	0.0824434
-0.56	0.0974537
-0.55	0.113096
-0.54	0.12935
-0.53	0.146193
-0.52	0.163599
-0.51	0.181544
-0.5	0.2
-0.49	0.218939
-0.48	0.238331
-0.47	0.258145
-0.46	0.278349
-0.45	0.29891
-0.44	0.319794
-0.43	0.340966
-0.42	0.36239
-0.41	0.384028
-0.4	0.405845
-0.39	0.427801
-0.38	0.449858
-0.37	0.471978
-0.36	0.494121
-0.35	0.516247
-0.34	0.538316
-0.33	0.56029
-0.32	0.582127
-0.31	0.603788
-0.3	0.625233
-0.29	0.646424
-0.28	0.667319
-0.27	0.687882
-0.26	0.708074
-0.25	0.727857
-0.24	0.747194
-0.23	0.766049
-0.22	0.784386
-0.21	0.802171
-0.2	0.819371
-0.19	0.835953
-0.18	0.851885
-0.17	0.867137
-0.16	0.881681
-0.15	0.895488
-0.14	0.908532
-0.13	0.920789
-0.12	0.932235
-0.11	0.942847
-0.1	0.952607
-0.09	0.961494
-0.08	0.969492
-0.07	0.976586
-0.06	0.982762
-0.05	0.988008
-0.04	0.992314
-0.03	0.995672
-0.02	0.998075
-0.01	0.999518
-6.23078e-14	1
0.01	0.999518
0.02	0.998075
0.03	0.995672
0.04	0.992314
0.05	0.988008
0.06	0.982762
0.07	0.976586
0.08	0.969492
0.09	0.961494
0.1	0.952607
0.11	0.942847
0.12	0.932235
0.13	0.920789
0.14	0.908532
0.15	0.895488
0.16	0.881681
0.17	0.867137
0.18	0.851885
0.19	0.835953
0.2	0.819371
0.21	0.802171
0.22	0.784386
0.23	0.766049
0.24	0.747194
0.25	0.727857
0.26	0.708074
0.27	0.687882
0.28	0.667319
0.29	0.646424
0.3	0.625233
0.31	0.603788
0.32	0.582127
0.33	0.56029
0.34	0.538316
0.35	0.516247
0.36	0.494121
0.37	0.471978
0.38	0.449858
0.39	0.427801
0.4	0.405845
0.41	0.384028
0.42	0.36239
0.43	0.340966
0.44	0.319794
0.45	0.29891
0.46	0.278349
0.47	0.258145
0.48	0.238331
0.49	0.218939
0.5	0.2
0.51	0.181544
0.52	0.163599
0.53	0.146193
0.54	0.12935
0.55	0.113096
0.56	0.0974537
0.57	0.0824434
0.58	0.0680853
0.59	0.0543974
0.6	0.041396
0.61	0.0290958
0.62	0.0175097
0.63	0.00664898
0.64	-0.00347706
0.65	-0.0128608
0.66	-0.0214964
0.67	-0.0293799
0.68	-0.0365092
0.69	-0.0428839
0.7	-0.0485055
0.71	-0.0533774
0.72	-0.0575046
0.73	-0.0608941
0.74	-0.0635544
0.75	-0.065496
0.76	-0.0667311
0.77	-0.0672733
0.78	-0.0671381
0.79	-0.0663425
0.8	-0.0649051
0.81	-0.062846
0.82	-0.0601867
0.83	-0.0569502
0.84	-0.0531606
0.85	-0.0488434
0.86	-0.0440256
0.87	-0.0387348
0.88	-0.033
0.89	-0.0268512
0.9	-0.020319
0.91	-0.0134353
0.92	-0.00623228
0.93	0.00125693
0.94	0.00899875
0.95	0.0169591
0.96	0.0251035
0.97	0.0333971
0.98	0.0418051
0.99	0.0502923
1	0.0588235
1.01	0.0673639
1.02	0.0758785
1.03	0.0843327
1.04	0.0926924
1.05	0.100924
1.06	0.108994
1.07	0.116869
1.08	0.124519
1.09	0.131912
1.1	0.139018
1.11	0.145808
1.12	0.152255
1.13	0.15833
1.14	0.164009
1.15	0.169267
1.16	0.174082
1.17	0.178432
1.18	0.182298
1.19	0.18566
1.2	0.188504
1.21	0.190813
1.22	0.192574
1.23	0.193777
1.24	0.194413
1.25	0.194472
1.26	0.193951
1.27	0.192844
1.28	0.191152
1.29	0.188873
1.3	0.186011
1.31	0.182569
1.32	0.178554
1.33	0.173974
1.34	0.168841
1.35	0.163165
1.36	0.156961
1.37	0.150246
1.38	0.143038
1.39	0.135357
1.4	0.127223
1.41	0.118662
1.42	0.109698
1.43	0.100359
1.44	0.0906714
1.45	0.0806668
1.46	0.0703763
1.47	0.0598324
1.48	0.0490693
1.49	0.0381221
1.5	0.027027
1.51	0.0158212
1.52	0.00454267
1.53	-0.00676977
1.54	-0.0180767
1.55	-0.0293382
1.56	-0.0405141
1.57	-0.0515636
1.58	-0.062446
1.59	-0.0731207
1.6	-0.0835471
1.61	-0.0936847
1.62	-0.103493
1.63	-0.112934
1.64	-0.121968
1.65	-0.130556
1.66	-0.138663
1.67	-0.146251
1.68	-0.153286
1.69	-0.159735
1.7	-0.165566
1.71	-0.170747
1.72	-0.17525
1.73	-0.179049
1.74	-0.182119
1.75	-0.184436
1.76	-0.185981
1.77	-0.186734
1.78	-0.186679
1.79	-0.185805
1.8	-0.184099
1.81	-0.181553
1.82	-0.178163
1.83	-0.173926
1.84	-0.168842
1.85	-0.162915
1.86	-0.15615
1.87	-0.148559
1.88	-0.140153
1.89	-0.130948
1.9	-0.120963
1.91	-0.11022
1.92	-0.0987444
1.93	-0.0865646
1.94	-0.073712
1.95	-0.0602213
1.96	-0.04613
1.97	-0.0314788
1.98	-0.0163112
1.99	-0.000673709
2	0.0153846
2.01	0.0318119
2.02	0.0485537
2.03	0.0655533
2.04	0.0827514
2.05	0.100087
2.06	0.117496
2.07	0.134914
2.08	0.152274
2.09	0.169507
2.1	0.186544
2.11	0.203314
2.12	0.219745
2.13	0.235765
2.14	0.251301
2.15	0.26628
2.16	0.280629
2.17	0.294276
2.18	0.307147
2.19	0.319172
2.2	0.330281
2.21	0.340404
2.22	0.349475
2.23	0.357427
2.24	0.364197
2.25	0.369726
2.26	0.373954
2.27	0.376827
2.28	0.378294
2.29	0.378305
2.3	0.376819
2.31	0.373793
2.32	0.369194
2.33	0.362989
2.34	0.355155
2.35	0.345669
2.36	0.334517
2.37	0.32169
2.38	0.307185
2.39	0.291004
2.4	0.273156
2.41	0.253657
2.42	0.23253
2.43	0.209804
2.44	0.185515
2.45	0.159706
2.46	0.132429
2.47	0.103741
2.48	0.0737072
2.49	0.0424005
2.5	0.00990099
2.51	-0.0237039
2.52	-0.0583194
2.53	-0.0938434
2.54	-0.130167
2.55	-0.167173
2.56	-0.204738
2.57	-0.242734
2.58	-0.281023
2.59	-0.319462
2.6	-0.357902
2.61	-0.39619
2.62	-0.434165
2.63	-0.471663
2.64	-0.508513
2.65	-0.544542
2.66	-0.579574
2.67	-0.613426
2.68	-0.645917
2.69	-0.67686
2.7	-0.706069
2.71	-0.733356
2.72	-0.758532
2.73	-0.78141
2.74	-0.801804
2.75	-0.819529
2.76	-0.834403
2.77	-0.846246
2.78	-0.854886
2.79	-0.860152
2.8	-0.861882
2.81	-0.859918
2.82	-0.854112
2.83	-0.844324
2.84	-0.830422
2.85	-0.812287
2.86	-0.78981
2.87	-0.762893
2.88	-0.731454
2.89	-0.695423
2.9	-0.654746
2.91	-0.609384
2.92	-0.559318
2.93	-0.504542
2.94	-0.445073
2.95	-0.380945
2.96	-0.312213
2.97	-0.238954
2.98	-0.161265
2.99	-0.0792667
3	0.00689655
3.01	0.0970572
3.02	0.191023
3.03	0.288578
3.04	0.389478
3.05	0.493457
3.06	0.60022
3.07	0.709447
3.08	0.820792
3.09	0.933882
3.1	1.04832
3.11	1.16368
3.12	1.2795
3.13	1.39533
3.14	1.51064
3.15	1.62492
3.16	1.73763
3.17	1.84818
3.18	1.95598
3.19	2.06043
3.2	2.16088
3.21	2.25669
3.22	2.34718
3.23	2.43169
3.24	2.50951
3.25	2.57995
3.26	2.64228
3.27	2.69579
3.28	2.73976
3.29	2.77346
3.3	2.79618
3.31	2.80719
3.32	2.80581
3.33	2.79132
3.34	2.76305
3.35	2.72034
3.36	2.66255
3.37	2.58908
3.38	2.49934
3.39	2.3928
3.4	2.26893
3.41	2.1273
3.42	1.96748
3.43	1.78912
3.44	1.59192
3.45	1.37565
3.46	1.14014
3.47	0.885298
3.48	0.611111
3.49	0.317651
3.5	0.00507614
3.51	-0.326358
3.52	-0.676298
3.53	-1.04429
3.54	-1.42975
3.55	-1.83202
3.56	-2.25028
3.57	-2.68361
3.58	-3.13095
3.59	-3.59112
3.6	-4.0628
3.61	-4.54451
3.62	-5.03466
3.63	-5.53148
3.64	-6.03307
3.65	-6.53737
3.66	-7.04218
3.67	-7.54512
3.68	-8.04367
3.69	-8.53516
3.7	-9.01674
3.71	-9.48544
3.72	-9.93809
3.73	-10.3714
3.74	-10.782
3.75	-11.1662
3.76	-11.5204
3.77	-11.8406
3.78	-12.1229
3.79	-12.3633
3.8	-12.5575
3.81	-12.7012
3.82	-12.7901
3.83	-12.8197
3.84	-12.7855
3.85	-12.683
3.86	-12.5077
3.87	-12.2549
3.88	-11.9202
3.89	-11.499
3.9	-10.9869
3.91	-10.3796
3.92	-9.67282
3.93	-8.86253
3.94	-7.94483
3.95	-6.91603
3.96	-5.7727
3.97	-4.51168
3.98	-3.13015
3.99	-1.62565
4	0.00389105
4.01	1.76007
4.02	3.64401
4.03	5.65626
4.04	7.79681
4.05	10.065
4.06	12.4594
4.07	14.9779
4.08	17.6176
4.09	20.3746
4.1	23.2443
4.11	26.2209
4.12	29.2975
4.13	32.4664
4.14	35.7184
4.15	39.0432
4.16	42.4292
4.17	45.8634
4.18	49.3314
4.19	52.8172
4.2	56.3034
4.21	59.771
4.22	63.1991
4.23	66.5652
4.24	69.8451
4.25	73.0127
4.26	76.0399
4.27	78.8969
4.28	81.5519
4.29	83.9709
4.3	86.1182
4.31	87.9559
4.32	89.444
4.33	90.5408
4.34	91.2022
4.35	91.3823
4.36	91.0335
4.37	90.1058
4.38	88.5478
4.39	86.3062
4.4	83.3262
4.41	79.5513
4.42	74.9238
4.43	69.3849
4.44	62.8746
4.45	55.3324
4.46	46.6971
4.47	36.9074
4.48	25.9021
4.49	13.6206
4.5	0.00307692
4.51	-15.009
4.52	-31.4721
4.53	-49.4406
4.54	-68.9657
4.55	-90.0949
4.56	-112.872
4.57	-137.334
4.58	-163.514
4.59	-191.437
4.6	-221.12
4.61	-252.571
4.62	-285.789
4.63	-320.761
4.64	-357.459
4.65	-395.845
4.66	-435.861
4.67	-477.433
4.68	-520.468
4.69	-564.852
4.7	-610.447
4.71	-657.087
4.72	-704.582
4.73	-752.709
4.74	-801.21
4.75	-849.794
4.76	-898.128
4.77	-945.837
4.78	-992.499
4.79	-1037.64
4.8	-1080.74
4.81	-1121.21
4.82	-1158.4
4.83	-1191.6
4.84	-1220.02
4.85	-1242.78
4.86	-1258.95
4.87	-1267.48
4.88	-1267.23
4.89	-1256.95
4.9	-1235.31
4.91	-1200.82
4.92	-1151.88
4.93	-1086.78
4.94	-1003.62
4.95	-900.39
4.96	-774.887
4.97	-624.747
4.98	-447.419
4.99	-240.154
5	0.00249376
S10************************
-5	0.00249377
-4.99	0.00257451
-4.98	0.00265527
-4.97	0.00273601
-4.96	0.00281668
-4.95	0.00289725
-4.94	0.00297766
-4.93	0.00305788
-4.92	0.00313787
-4.91	0.00321759
-4.9	0.00329698
-4.89	0.00337602
-4.88	0.00345466
-4.87	0.00353286
-4.86	0.00361057
-4.85	0.00368775
-4.84	0.00376437
-4.83	0.00384037
-4.82	0.00391573
-4.81	0.00399039
-4.8	0.00406432
-4.79	0.00413747
-4.78	0.0042098
-4.77	0.00428127
-4.76	0.00435183
-4.75	0.00442146
-4.74	0.00449009
-4.73	0.0045577
-4.72	0.00462424
-4.71	0.00468966
-4.7	0.00475393
-4.69	0.00481701
-4.68	0.00487885
-4.67	0.00493941
-4.66	0.00499865
-4.65	0.00505652
-4.64	0.005113
-4.63	0.00516802
-4.62	0.00522156
-4.61	0.00527356
-4.6	0.005324
-4.59	0.00537282
-4.58	0.00541998
-4.57	0.00546545
-4.56	0.00550918
-4.55	0.00555112
-4.54	0.00559125
-4.53	0.00562951
-4.52	0.00566586
-4.51	0.00570026
-4.5	0.00573267
-4.49	0.00576305
-4.48	0.00579136
-4.47	0.00581755
-4.46	0.00584158
-4.45	0.00586342
-4.44	0.00588301
-4.43	0.00590032
-4.42	0.0059153
-4.41	0.00592792
-4.4	0.00593813
-4.39	0.00594589
-4.38	0.00595115
-4.37	0.00595388
-4.36	0.00595404
-4.35	0.00595157
-4.34	0.00594645
-4.33	0.00593863
-4.32	0.00592806
-4.31	0.00591471
-4.3	0.00589853
-4.29	0.00587948
-4.28	0.00585752
-4.27	0.00583261
-4.26	0.0058047
-4.25	0.00577376
-4.24	0.00573974
-4.23	0.0057026
-4.22	0.00566229
-4.21	0.00561879
-4.2	0.00557204
-4.19	0.005522
-4.18	0.00546863
-4.17	0.00541189
-4.16	0.00535174
-4.15	0.00528814
-4.14	0.00522103
-4.13	0.00515039
-4.12	0.00507617
-4.11	0.00499833
-4.1	0.00491682
-4.09	0.00483161
-4.08	0.00474265
-4.07	0.0046499
-4.06	0.00455332
-4.05	0.00445287
-4.04	0.0043485
-4.03	0.00424018
-4.02	0.00412786
-4.01	0.0040115
-4	0.00389105
-3.99	0.00376652
-3.98	0.00363809
-3.97	0.00350596
-3.96	0.00337036
-3.95	0.00323149
-3.94	0.00308957
-3.93	0.00294482
-3.92	0.00279746
-3.91	0.00264769
-3.9	0.00249573
-3.89	0.00234181
-3.88	0.00218612
-3.87	0.0020289
-3.86	0.00187035
-3.85	0.00171069
-3.84	0.00155014
-3.83	0.0013889
-3.82	0.0012272
-3.81	0.00106526
-3.8	0.000903273
-3.79	0.000741471
-3.78	0.000580066
-3.77	0.000419272
-3.76	0.000259305
-3.75	0.00010038
-3.74	-5.72874e-05
-3.73	-0.000213482
-3.72	-0.000367989
-3.71	-0.000520593
-3.7	-0.000671079
-3.69	-0.000819231
-3.68	-0.000964834
-3.67	-0.00110767
-3.66	-0.00124753
-3.65	-0.0013842
-3.64	-0.00151745
-3.63	-0.00164708
-3.62	-0.00177287
-3.61	-0.00189461
-3.6	-0.00201207
-3.59	-0.00212505
-3.58	-0.00223332
-3.57	-0.00233668
-3.56	-0.00243491
-3.55	-0.00252779
-3.54	-0.00261511
-3.53	-0.00269665
-3.52	-0.0027722
-3.51	-0.00284154
-3.5	-0.00290445
-3.49	-0.00296073
-3.48	-0.00301016
-3.47	-0.00305251
-3.46	-0.00308758
-3.45	-0.00311515
-3.44	-0.00313501
-3.43	-0.00314693
-3.42	-0.00315071
-3.41	-0.00314613
-3.4	-0.00313298
-3.39	-0.00311103
-3.38	-0.00308008
-3.37	-0.0030399
-3.36	-0.00299029
-3.35	-0.00293102
-3.34	-0.00286189
-3.33	-0.00278268
-3.32	-0.00269317
-3.31	-0.00259314
-3.3	-0.00248239
-3.29	-0.00236069
-3.28	-0.00222783
-3.27	-0.0020836
-3.26	-0.00192778
-3.25	-0.00176016
-3.24	-0.00158052
-3.23	-0.00138864
-3.22	-0.00118431
-3.21	-0.000967313
-3.2	-0.000737437
-3.19	-0.000494465
-3.18	-0.000238181
-3.17	3.16289e-05
-3.16	0.000315181
-3.15	0.00061269
-3.14	0.000924371
-3.13	0.00125044
-3.12	0.00159111
-3.11	0.0019466
-3.1	0.00231713
-3.09	0.0027029
-3.08	0.00310413
-3.07	0.00352105
-3.06	0.00395386
-3.05	0.00440278
-3.04	0.00486802
-3.03	0.00534981
-3.02	0.00584835
-3.01	0.00636386
-3	0.00689655
-2.99	0.00744648
-2.98	0.00801301
-2.97	0.00859536
-2.96	0.00919271
-2.95	0.00980429
-2.94	0.0104293
-2.93	0.0110669
-2.92	0.0117164
-2.91	0.0123768
-2.9	0.0130476
-2.89	0.0137277
-2.88	0.0144165
-2.87	0.0151132
-2.86	0.0158169
-2.85	0.0165269
-2.84	0.0172423
-2.83	0.0179624
-2.82	0.0186864
-2.81	0.0194134
-2.8	0.0201428
-2.79	0.0208736
-2.78	0.0216051
-2.77	0.0223365
-2.76	0.0230669
-2.75	0.0237957
-2.74	0.024522
-2.73	0.025245
-2.72	0.0259639
-2.71	0.0266779
-2.7	0.0273862
-2.69	0.0280881
-2.68	0.0287827
-2.67	0.0294692
-2.66	0.0301469
-2.65	0.0308148
-2.64	0.0314724
-2.63	0.0321187
-2.62	0.0327529
-2.61	0.0333743
-2.6	0.0339821
-2.59	0.0345754
-2.58	0.0351535
-2.57	0.0357155
-2.56	0.0362608
-2.55	0.0367884
-2.54	0.0372976
-2.53	0.0377876
-2.52	0.0382575
-2.51	0.0387067
-2.5	0.0391343
-2.49	0.0395395
-2.48	0.0399215
-2.47	0.0402795
-2.46	0.0406127
-2.45	0.0409204
-2.44	0.0412016
-2.43	0.0414557
-2.42	0.0416819
-2.41	0.0418792
-2.4	0.042047
-2.39	0.0421845
-2.38	0.0422908
-2.37	0.0423652
-2.36	0.0424068
-2.35	0.0424149
-2.34	0.0423886
-2.33	0.0423272
-2.32	0.0422299
-2.31	0.0420959
-2.3	0.0419244
-2.29	0.0417145
-2.28	0.0414655
-2.27	0.0411767
-2.26	0.0408471
-2.25	0.040476
-2.24	0.0400627
-2.23	0.0396062
-2.22	0.0391059
-2.21	0.0385609
-2.2	0.0379704
-2.19	0.0373336
-2.18	0.0366498
-2.17	0.035918
-2.16	0.0351377
-2.15	0.0343079
-2.14	0.0334278
-2.13	0.0324967
-2.12	0.0315137
-2.11	0.0304781
-2.1	0.0293891
-2.09	0.0282458
-2.08	0.0270475
-2.07	0.0257934
-2.06	0.0244826
-2.05	0.0231145
-2.04	0.0216881
-2.03	0.0202027
-2.02	0.0186576
-2.01	0.0170518
-2	0.0153846
-1.99	0.0136559
-1.98	0.0118682
-1.97	0.0100245
-1.96	0.00812809
-1.95	0.00618207
-1.94	0.00418959
-1.93	0.00215378
-1.92	7.7805e-05
-1.91	-0.0020352
-1.9	-0.00418209
-1.89	-0.00635972
-1.88	-0.00856495
-1.87	-0.0107946
-1.86	-0.0130456
-1.85	-0.0153147
-1.84	-0.0175989
-1.83	-0.0198949
-1.82	-0.0221996
-1.81	-0.0245099
-1.8	-0.0268227
-1.79	-0.0291347
-1.78	-0.0314429
-1.77	-0.033744
-1.76	-0.036035
-1.75	-0.0383128
-1.74	-0.040574
-1.73	-0.0428157
-1.72	-0.0450347
-1.71	-0.0472278
-1.7	-0.0493918
-1.69	-0.0515237
-1.68	-0.0536203
-1.67	-0.0556785
-1.66	-0.057695
-1.65	-0.0596668
-1.64	-0.0615907
-1.63	-0.0634635
-1.62	-0.0652822
-1.61	-0.0670435
-1.6	-0.0687444
-1.59	-0.0703816
-1.58	-0.0719521
-1.57	-0.0734527
-1.56	-0.0748802
-1.55	-0.0762315
-1.54	-0.0775035
-1.53	-0.078693
-1.52	-0.0797968
-1.51	-0.0808119
-1.5	-0.0817351
-1.49	-0.0825631
-1.48	-0.083293
-1.47	-0.0839215
-1.46	-0.0844455
-1.45	-0.0848618
-1.44	-0.0851673
-1.43	-0.0853589
-1.42	-0.0854334
-1.41	-0.0853877
-1.4	-0.0852186
-1.39	-0.084923
-1.38	-0.0844977
-1.37	-0.0839395
-1.36	-0.0832455
-1.35	-0.0824123
-1.34	-0.0814369
-1.33	-0.080316
-1.32	-0.0790467
-1.31	-0.0776256
-1.3	-0.0760497
-1.29	-0.0743159
-1.28	-0.0724209
-1.27	-0.0703617
-1.26	-0.068135
-1.25	-0.0657378
-1.24	-0.0631669
-1.23	-0.0604191
-1.22	-0.0574914
-1.21	-0.0543805
-1.2	-0.0510833
-1.19	-0.0475967
-1.18	-0.0439175
-1.17	-0.0400426
-1.16	-0.0359688
-1.15	-0.031693
-1.14	-0.0272121
-1.13	-0.0225229
-1.12	-0.0176222
-1.11	-0.0125069
-1.1	-0.00717393
-1.09	-0.00162005
-1.08	0.00415786
-1.07	0.0101629
-1.06	0.0163983
-1.05	0.0228672
-1.04	0.0295727
-1.03	0.0365179
-1.02	0.043706
-1.01	0.0511402
-1	0.0588235
-0.99	0.0667576
-0.98	0.0749374
-0.97	0.0833563
-0.96	0.0920077
-0.95	0.100885
-0.94	0.109982
-0.93	0.119291
-0.92	0.128806
-0.91	0.138521
-0.9	0.148429
-0.89	0.158523
-0.88	0.168796
-0.87	0.179243
-0.86	0.189856
-0.85	0.200629
-0.84	0.211555
-0.83	0.222628
-0.82	0.23384
-0.81	0.245186
-0.8	0.256659
-0.79	0.268252
-0.78	0.279959
-0.77	0.291772
-0.76	0.303686
-0.75	0.315693
-0.74	0.327788
-0.73	0.339963
-0.72	0.352212
-0.71	0.364529
-0.7	0.376906
-0.69	0.389337
-0.68	0.401816
-0.67	0.414335
-0.66	0.426889
-0.65	0.439471
-0.64	0.452073
-0.63	0.46469
-0.62	0.477315
-0.61	0.489941
-0.6	0.502561
-0.59	0.51517
-0.58	0.52776
-0.57	0.540324
-0.56	0.552857
-0.55	0.565352
-0.54	0.577801
-0.53	0.590199
-0.52	0.602539
-0.51	0.614813
-0.5	0.627016
-0.49	0.639142
-0.48	0.651182
-0.47	0.663131
-0.46	0.674982
-0.45	0.686729
-0.44	0.698364
-0.43	0.709882
-0.42	0.721276
-0.41	0.732538
-0.4	0.743663
-0.39	0.754644
-0.38	0.765474
-0.37	0.776147
-0.36	0.786655
-0.35	0.796993
-0.34	0.807154
-0.33	0.817131
-0.32	0.826918
-0.31	0.836507
-0.3	0.845893
-0.29	0.855069
-0.28	0.864028
-0.27	0.872763
-0.26	0.881268
-0.25	0.889537
-0.24	0.897562
-0.23	0.905338
-0.22	0.912857
-0.21	0.920112
-0.2	0.927098
-0.19	0.933808
-0.18	0.940235
-0.17	0.946372
-0.16	0.952213
-0.15	0.957751
-0.14	0.96298
-0.13	0.967893
-0.12	0.972484
-0.11	0.976745
-0.1	0.98067
-0.09	0.984253
-0.08	0.987487
-0.07	0.990365
-0.06	0.992881
-0.05	0.995028
-0.04	0.9968
-0.03	0.99819
-0.02	0.999191
-0.01	0.999796
-6.23078e-14	1
0.01	0.999797
0.02	0.999193
0.03	0.998193
0.04	0.996805
0.05	0.995035
0.06	0.992889
0.07	0.990374
0.08	0.987497
0.09	0.984264
0.1	0.980682
0.11	0.976758
0.12	0.972498
0.13	0.967909
0.14	0.962997
0.15	0.95777
0.16	0.952233
0.17	0.946393
0.18	0.940257
0.19	0.933831
0.2	0.927122
0.21	0.920137
0.22	0.912883
0.23	0.905365
0.24	0.897591
0.25	0.889566
0.26	0.881299
0.27	0.872794
0.28	0.86406
0.29	0.855102
0.3	0.845927
0.31	0.836542
0.32	0.826954
0.33	0.817168
0.34	0.807192
0.35	0.797032
0.36	0.786694
0.37	0.776186
0.38	0.765515
0.39	0.754685
0.4	0.743705
0.41	0.732581
0.42	0.721319
0.43	0.709926
0.44	0.698409
0.45	0.686774
0.46	0.675027
0.47	0.663177
0.48	0.651228
0.49	0.639188
0.5	0.627063
0.51	0.61486
0.52	0.602586
0.53	0.590246
0.54	0.577849
0.55	0.5654
0.56	0.552905
0.57	0.540372
0.58	0.527808
0.59	0.515218
0.6	0.502609
0.61	0.489988
0.62	0.477362
0.63	0.464737
0.64	0.45212
0.65	0.439517
0.66	0.426935
0.67	0.414381
0.68	0.401861
0.69	0.389382
0.7	0.37695
0.71	0.364573
0.72	0.352256
0.73	0.340006
0.74	0.32783
0.75	0.315734
0.76	0.303726
0.77	0.291811
0.78	0.279997
0.79	0.268289
0.8	0.256695
0.81	0.245221
0.82	0.233874
0.83	0.22266
0.84	0.211586
0.85	0.200658
0.86	0.189884
0.87	0.179269
0.88	0.168821
0.89	0.158546
0.9	0.14845
0.91	0.138541
0.92	0.128824
0.93	0.119307
0.94	0.109995
0.95	0.100897
0.96	0.0920171
0.97	0.0833634
0.98	0.0749422
0.99	0.06676
1	0.0588235
1.01	0.0511377
1.02	0.0437009
1.03	0.0365101
1.04	0.0295622
1.05	0.0228539
1.06	0.0163822
1.07	0.0101439
1.08	0.00413587
1.09	-0.00164503
1.1	-0.00720195
1.11	-0.012538
1.12	-0.0176564
1.13	-0.0225602
1.14	-0.0272526
1.15	-0.0317367
1.16	-0.0360157
1.17	-0.0400927
1.18	-0.0439708
1.19	-0.0476532
1.2	-0.051143
1.21	-0.0544435
1.22	-0.0575576
1.23	-0.0604886
1.24	-0.0632395
1.25	-0.0658137
1.26	-0.0682141
1.27	-0.0704439
1.28	-0.0725063
1.29	-0.0744043
1.3	-0.0761413
1.31	-0.0777202
1.32	-0.0791442
1.33	-0.0804165
1.34	-0.0815402
1.35	-0.0825185
1.36	-0.0833545
1.37	-0.0840513
1.38	-0.0846121
1.39	-0.08504
1.4	-0.0853381
1.41	-0.0855097
1.42	-0.0855578
1.43	-0.0854856
1.44	-0.0852962
1.45	-0.0849928
1.46	-0.0845784
1.47	-0.0840564
1.48	-0.0834297
1.49	-0.0827016
1.5	-0.0818751
1.51	-0.0809535
1.52	-0.0799398
1.53	-0.0788372
1.54	-0.0776489
1.55	-0.0763779
1.56	-0.0750275
1.57	-0.0736007
1.58	-0.0721007
1.59	-0.0705307
1.6	-0.0688938
1.61	-0.0671931
1.62	-0.0654318
1.63	-0.063613
1.64	-0.0617398
1.65	-0.0598155
1.66	-0.0578431
1.67	-0.0558257
1.68	-0.0537666
1.69	-0.0516689
1.7	-0.0495356
1.71	-0.0473701
1.72	-0.0451753
1.73	-0.0429544
1.74	-0.0407106
1.75	-0.038447
1.76	-0.0361668
1.77	-0.033873
1.78	-0.0315689
1.79	-0.0292576
1.8	-0.0269422
1.81	-0.0246258
1.82	-0.0223117
1.83	-0.0200029
1.84	-0.0177026
1.85	-0.0154139
1.86	-0.01314
1.87	-0.010884
1.88	-0.00864909
1.89	-0.00643834
1.9	-0.00425493
1.91	-0.00210199
1.92	1.73245e-05
1.93	0.00209988
1.94	0.00414254
1.95	0.00614215
1.96	0.00809558
1.97	0.00999968
1.98	0.0118513
1.99	0.0136473
2	0.0153846
2.01	0.0170607
2.02	0.0186756
2.03	0.0202302
2.04	0.0217252
2.05	0.0231615
2.06	0.0245398
2.07	0.0258609
2.08	0.0271256
2.09	0.0283346
2.1	0.0294888
2.11	0.0305889
2.12	0.0316357
2.13	0.03263
2.14	0.0335726
2.15	0.0344642
2.16	0.0353057
2.17	0.0360978
2.18	0.0368412
2.19	0.0375369
2.2	0.0381855
2.21	0.0387879
2.22	0.0393447
2.23	0.0398569
2.24	0.0403252
2.25	0.0407503
2.26	0.0411331
2.27	0.0414743
2.28	0.0417748
2.29	0.0420352
2.3	0.0422564
2.31	0.0424392
2.32	0.0425843
2.33	0.0426926
2.34	0.0427647
2.35	0.0428015
2.36	0.0428038
2.37	0.0427724
2.38	0.0427079
2.39	0.0426113
2.4	0.0424833
2.41	0.0423247
2.42	0.0421362
2.43	0.0419187
2.44	0.0416728
2.45	0.0413995
2.46	0.0410995
2.47	0.0407735
2.48	0.0404224
2.49	0.040047
2.5	0.0396479
2.51	0.039226
2.52	0.0387821
2.53	0.038317
2.54	0.0378314
2.55	0.0373261
2.56	0.0368019
2.57	0.0362596
2.58	0.0357
2.59	0.0351238
2.6	0.0345319
2.61	0.0339249
2.62	0.0333038
2.63	0.0326692
2.64	0.032022
2.65	0.0313629
2.66	0.0306928
2.67	0.0300123
2.68	0.0293224
2.69	0.0286237
2.7	0.027917
2.71	0.0272032
2.72	0.026483
2.73	0.0257571
2.74	0.0250265
2.75	0.0242918
2.76	0.0235538
2.77	0.0228134
2.78	0.0220713
2.79	0.0213282
2.8	0.020585
2.81	0.0198425
2.82	0.0191013
2.83	0.0183624
2.84	0.0176265
2.85	0.0168944
2.86	0.0161668
2.87	0.0154445
2.88	0.0147284
2.89	0.0140192
2.9	0.0133176
2.91	0.0126245
2.92	0.0119407
2.93	0.0112669
2.94	0.0106039
2.95	0.00995244
2.96	0.00931339
2.97	0.00868749
2.98	0.00807554
2.99	0.00747829
3	0.00689655
3.01	0.00633093
3.02	0.00578143
3.03	0.00524789
3.04	0.00473014
3.05	0.00422802
3.06	0.00374137
3.07	0.00327003
3.08	0.00281383
3.09	0.00237261
3.1	0.00194622
3.11	0.00153449
3.12	0.00113725
3.13	0.000754341
3.14	0.000385608
3.15	3.08851e-05
3.16	-0.000309991
3.17	-0.000637182
3.18	-0.000950849
3.19	-0.00125116
3.2	-0.00153826
3.21	-0.00181234
3.22	-0.00207353
3.23	-0.00232202
3.24	-0.00255796
3.25	-0.00278151
3.26	-0.00299283
3.27	-0.00319209
3.28	-0.00337945
3.29	-0.00355507
3.3	-0.00371911
3.31	-0.00387174
3.32	-0.00401312
3.33	-0.00414341
3.34	-0.00426277
3.35	-0.00437137
3.36	-0.00446936
3.37	-0.00455691
3.38	-0.00463418
3.39	-0.00470134
3.4	-0.00475854
3.41	-0.00480595
3.42	-0.00484373
3.43	-0.00487204
3.44	-0.00489104
3.45	-0.00490091
3.46	-0.00490179
3.47	-0.00489385
3.48	-0.00487726
3.49	-0.00485217
3.5	-0.00481875
3.51	-0.00477716
3.52	-0.00472756
3.53	-0.00467011
3.54	-0.00460499
3.55	-0.00453234
3.56	-0.00445233
3.57	-0.00436512
3.58	-0.00427088
3.59	-0.00416977
3.6	-0.00406195
3.61	-0.00394758
3.62	-0.00382683
3.63	-0.00369985
3.64	-0.00356681
3.65	-0.00342787
3.66	-0.00328319
3.67	-0.00313294
3.68	-0.00297728
3.69	-0.00281637
3.7	-0.00265036
3.71	-0.00247944
3.72	-0.00230375
3.73	-0.00212345
3.74	-0.00193872
3.75	-0.00174971
3.76	-0.00155659
3.77	-0.00135951
3.78	-0.00115865
3.79	-0.000954154
3.8	-0.000746194
3.81	-0.00053493
3.82	-0.000320525
3.83	-0.00010314
3.84	0.000117062
3.85	0.000339919
3.86	0.000565268
3.87	0.000792948
3.88	0.0010228
3.89	0.00125465
3.9	0.00148835
3.91	0.00172373
3.92	0.00196063
3.93	0.00219888
3.94	0.00243833
3.95	0.00267882
3.96	0.00292017
3.97	0.00316223
3.98	0.00340484
3.99	0.00364784
4	0.00389105
4.01	0.00413432
4.02	0.0043775
4.03	0.0046204
4.04	0.00486288
4.05	0.00510477
4.06	0.00534591
4.07	0.00558613
4.08	0.00582528
4.09	0.00606319
4.1	0.0062997
4.11	0.00653465
4.12	0.00676787
4.13	0.00699921
4.14	0.0072285
4.15	0.00745557
4.16	0.00768027
4.17	0.00790244
4.18	0.0081219
4.19	0.00833851
4.2	0.0085521
4.21	0.0087625
4.22	0.00896955
4.23	0.00917309
4.24	0.00937297
4.25	0.009569
4.26	0.00976105
4.27	0.00994893
4.28	0.0101325
4.29	0.0103116
4.3	0.010486
4.31	0.0106556
4.32	0.0108203
4.33	0.0109798
4.34	0.0111341
4.35	0.0112829
4.36	0.011426
4.37	0.0115634
4.38	0.0116948
4.39	0.0118202
4.4	0.0119393
4.41	0.0120519
4.42	0.0121579
4.43	0.0122572
4.44	0.0123496
4.45	0.0124349
4.46	0.012513
4.47	0.0125837
4.48	0.0126468
4.49	0.0127021
4.5	0.0127496
4.51	0.012789
4.52	0.0128203
4.53	0.0128431
4.54	0.0128574
4.55	0.012863
4.56	0.0128597
4.57	0.0128475
4.58	0.012826
4.59	0.0127952
4.6	0.0127548
4.61	0.0127048
4.62	0.012645
4.63	0.0125752
4.64	0.0124952
4.65	0.0124049
4.66	0.0123041
4.67	0.0121926
4.68	0.0120704
4.69	0.0119371
4.7	0.0117928
4.71	0.0116371
4.72	0.01147
4.73	0.0112913
4.74	0.0111008
4.75	0.0108983
4.76	0.0106837
4.77	0.0104569
4.78	0.0102176
4.79	0.00996579
4.8	0.00970118
4.81	0.00942365
4.82	0.00913305
4.83	0.0088292
4.84	0.00851194
4.85	0.00818112
4.86	0.00783657
4.87	0.00747814
4.88	0.00710564
4.89	0.00671894
4.9	0.00631785
4.91	0.00590223
4.92	0.0054719
4.93	0.00502671
4.94	0.0045665
4.95	0.0040911
4.96	0.00360034
4.97	0.00309407
4.98	0.00257213
4.99	0.00203435
5	0.00148058
S20************************
-5	0.00249377
-4.99	0.00250361
-4.98	0.00251351
-4.97	0.00252347
-4.96	0.00253349
-4.95	0.00254358
-4.94	0.00255373
-4.93	0.00256395
-4.92	0.00257423
-4.91	0.00258458
-4.9	0.00259499
-4.89	0.00260548
-4.88	0.00261603
-4.87	0.00262665
-4.86	0.00263735
-4.85	0.00264811
-4.84	0.00265895
-4.83	0.00266986
-4.82	0.00268085
-4.81	0.00269191
-4.8	0.00270305
-4.79	0.00271426
-4.78	0.00272556
-4.77	0.00273693
-4.76	0.00274838
-4.75	0.00275991
-4.74	0.00277152
-4.73	0.00278322
-4.72	0.002795
-4.71	0.00280686
-4.7	0.00281881
-4.69	0.00283084
-4.68	0.00284296
-4.67	0.00285516
-4.66	0.00286746
-4.65	0.00287984
-4.64	0.00289232
-4.63	0.00290489
-4.62	0.00291754
-4.61	0.00293029
-4.6	0.00294314
-4.59	0.00295608
-4.58	0.00296911
-4.57	0.00298224
-4.56	0.00299547
-4.55	0.00300879
-4.54	0.00302222
-4.53	0.00303574
-4.52	0.00304937
-4.51	0.00306309
-4.5	0.00307692
-4.49	0.00309085
-4.48	0.00310489
-4.47	0.00311903
-4.46	0.00313327
-4.45	0.00314761
-4.44	0.00316205
-4.43	0.00317659
-4.42	0.00319123
-4.41	0.00320598
-4.4	0.00322082
-4.39	0.00323576
-4.38	0.0032508
-4.37	0.00326594
-4.36	0.00328117
-4.35	0.0032965
-4.34	0.00331193
-4.33	0.00332746
-4.32	0.00334308
-4.31	0.0033588
-4.3	0.00337461
-4.29	0.00339052
-4.28	0.00340652
-4.27	0.00342261
-4.26	0.0034388
-4.25	0.00345508
-4.24	0.00347146
-4.23	0.00348792
-4.22	0.00350448
-4.21	0.00352113
-4.2	0.00353787
-4.19	0.0035547
-4.18	0.00357162
-4.17	0.00358862
-4.16	0.00360572
-4.15	0.00362291
-4.14	0.00364018
-4.13	0.00365755
-4.12	0.003675
-4.11	0.00369253
-4.1	0.00371016
-4.09	0.00372787
-4.08	0.00374566
-4.07	0.00376354
-4.06	0.00378151
-4.05	0.00379956
-4.04	0.00381769
-4.03	0.0038359
-4.02	0.0038542
-4.01	0.00387259
-4	0.00389105
-3.99	0.0039096
-3.98	0.00392823
-3.97	0.00394697
-3.96	0.00396581
-3.95	0.00398476
-3.94	0.00400382
-3.93	0.00402302
-3.92	0.00404235
-3.91	0.00406183
-3.9	0.00408145
-3.89	0.00410123
-3.88	0.00412117
-3.87	0.00414129
-3.86	0.00416159
-3.85	0.00418208
-3.84	0.00420276
-3.83	0.00422364
-3.82	0.00424474
-3.81	0.00426605
-3.8	0.00428759
-3.79	0.00430936
-3.78	0.00433137
-3.77	0.00435363
-3.76	0.00437615
-3.75	0.00439892
-3.74	0.00442197
-3.73	0.0044453
-3.72	0.00446892
-3.71	0.00449283
-3.7	0.00451704
-3.69	0.00454155
-3.68	0.00456639
-3.67	0.00459155
-3.66	0.00461704
-3.65	0.00464287
-3.64	0.00466904
-3.63	0.00469557
-3.62	0.00472247
-3.61	0.00474973
-3.6	0.00477736
-3.59	0.00480539
-3.58	0.0048338
-3.57	0.00486262
-3.56	0.00489184
-3.55	0.00492147
-3.54	0.00495153
-3.53	0.00498202
-3.52	0.00501295
-3.51	0.00504432
-3.5	0.00507614
-3.49	0.00510842
-3.48	0.00514114
-3.47	0.00517429
-3.46	0.00520785
-3.45	0.0052418
-3.44	0.00527612
-3.43	0.0053108
-3.42	0.00534582
-3.41	0.00538117
-3.4	0.00541682
-3.39	0.00545275
-3.38	0.00548896
-3.37	0.00552543
-3.36	0.00556213
-3.35	0.00559905
-3.34	0.00563617
-3.33	0.00567348
-3.32	0.00571096
-3.31	0.00574859
-3.3	0.00578635
-3.29	0.00582423
-3.28	0.00586221
-3.27	0.00590028
-3.26	0.00593841
-3.25	0.00597658
-3.24	0.00601479
-3.23	0.00605301
-3.22	0.00609123
-3.21	0.00612943
-3.2	0.00616759
-3.19	0.0062057
-3.18	0.00624373
-3.17	0.00628168
-3.16	0.00631952
-3.15	0.00635724
-3.14	0.00639482
-3.13	0.00643224
-3.12	0.00646948
-3.11	0.00650653
-3.1	0.00654338
-3.09	0.00658
-3.08	0.00661637
-3.07	0.00665248
-3.06	0.00668832
-3.05	0.00672386
-3.04	0.00675909
-3.03	0.00679399
-3.02	0.00682855
-3.01	0.00686274
-3	0.00689655
-2.99	0.00692998
-2.98	0.0069631
-2.97	0.006996
-2.96	0.00702876
-2.95	0.00706148
-2.94	0.00709423
-2.93	0.00712711
-2.92	0.0071602
-2.91	0.0071936
-2.9	0.00722738
-2.89	0.00726164
-2.88	0.00729647
-2.87	0.00733194
-2.86	0.00736816
-2.85	0.0074052
-2.84	0.00744315
-2.83	0.0074821
-2.82	0.00752215
-2.81	0.00756336
-2.8	0.00760584
-2.79	0.00764967
-2.78	0.00769494
-2.77	0.00774174
-2.76	0.00779014
-2.75	0.00784025
-2.74	0.00789214
-2.73	0.00794591
-2.72	0.00800164
-2.71	0.00805942
-2.7	0.00811933
-2.69	0.00818147
-2.68	0.00824592
-2.67	0.00831278
-2.66	0.00838211
-2.65	0.00845402
-2.64	0.0085286
-2.63	0.00860592
-2.62	0.00868608
-2.61	0.00876916
-2.6	0.00885525
-2.59	0.00894444
-2.58	0.00903681
-2.57	0.00913246
-2.56	0.00923147
-2.55	0.00933393
-2.54	0.00943992
-2.53	0.00954954
-2.52	0.00966286
-2.51	0.00977998
-2.5	0.00990099
-2.49	0.0100259
-2.48	0.0101545
-2.47	0.0102866
-2.46	0.0104218
-2.45	0.0105599
-2.44	0.0107006
-2.43	0.0108437
-2.42	0.0109889
-2.41	0.0111358
-2.4	0.0112843
-2.39	0.0114341
-2.38	0.0115849
-2.37	0.0117364
-2.36	0.0118884
-2.35	0.0120405
-2.34	0.0121926
-2.33	0.0123443
-2.32	0.0124954
-2.31	0.0126456
-2.3	0.0127947
-2.29	0.0129423
-2.28	0.0130882
-2.27	0.0132321
-2.26	0.0133738
-2.25	0.013513
-2.24	0.0136493
-2.23	0.0137827
-2.22	0.0139127
-2.21	0.0140391
-2.2	0.0141616
-2.19	0.0142801
-2.18	0.0143941
-2.17	0.0145034
-2.16	0.0146078
-2.15	0.0147069
-2.14	0.0148006
-2.13	0.0148885
-2.12	0.0149704
-2.11	0.015046
-2.1	0.0151151
-2.09	0.0151772
-2.08	0.0152323
-2.07	0.01528
-2.06	0.0153201
-2.05	0.0153522
-2.04	0.0153762
-2.03	0.0153916
-2.02	0.0153984
-2.01	0.0153961
-2	0.0153846
-1.99	0.0153638
-1.98	0.0153346
-1.97	0.0152982
-1.96	0.0152558
-1.95	0.0152085
-1.94	0.0151575
-1.93	0.015104
-1.92	0.0150492
-1.91	0.0149942
-1.9	0.0149401
-1.89	0.0148883
-1.88	0.0148397
-1.87	0.0147957
-1.86	0.0147573
-1.85	0.0147258
-1.84	0.0147023
-1.83	0.014688
-1.82	0.014684
-1.81	0.0146916
-1.8	0.0147118
-1.79	0.014746
-1.78	0.0147951
-1.77	0.0148605
-1.76	0.0149432
-1.75	0.0150445
-1.74	0.0151655
-1.73	0.0153074
-1.72	0.0154713
-1.71	0.0156585
-1.7	0.01587
-1.69	0.0161072
-1.68	0.016371
-1.67	0.0166628
-1.66	0.0169837
-1.65	0.0173348
-1.64	0.0177173
-1.63	0.0181324
-1.62	0.0185813
-1.61	0.0190651
-1.6	0.019585
-1.59	0.0201422
-1.58	0.0207378
-1.57	0.021373
-1.56	0.022049
-1.55	0.022767
-1.54	0.0235281
-1.53	0.0243334
-1.52	0.0251843
-1.51	0.0260818
-1.5	0.027027
-1.49	0.0280205
-1.48	0.0290591
-1.47	0.0301393
-1.46	0.0312572
-1.45	0.0324091
-1.44	0.0335914
-1.43	0.0348001
-1.42	0.0360317
-1.41	0.0372823
-1.4	0.0385482
-1.39	0.0398257
-1.38	0.0411111
-1.37	0.0424005
-1.36	0.0436904
-1.35	0.0449768
-1.34	0.0462562
-1.33	0.0475246
-1.32	0.0487785
-1.31	0.0500141
-1.3	0.0512276
-1.29	0.0524153
-1.28	0.0535734
-1.27	0.0546983
-1.26	0.0557861
-1.25	0.0568331
-1.24	0.0578357
-1.23	0.05879
-1.22	0.0596923
-1.21	0.0605389
-1.2	0.0613261
-1.19	0.06205
-1.18	0.062707
-1.17	0.0632933
-1.16	0.0638052
-1.15	0.0642389
-1.14	0.0645908
-1.13	0.064857
-1.12	0.0650338
-1.11	0.0651175
-1.1	0.0651044
-1.09	0.0649907
-1.08	0.0647726
-1.07	0.0644465
-1.06	0.0640086
-1.05	0.0634551
-1.04	0.0627823
-1.03	0.0619865
-1.02	0.0610639
-1.01	0.0600109
-1	0.0588235
-0.99	0.0575019
-0.98	0.0560603
-0.97	0.0545168
-0.96	0.0528896
-0.95	0.0511967
-0.94	0.0494562
-0.93	0.047686
-0.92	0.0459044
-0.91	0.0441294
-0.9	0.042379
-0.89	0.0406713
-0.88	0.0390243
-0.87	0.0374562
-0.86	0.0359851
-0.85	0.0346289
-0.84	0.0334058
-0.83	0.0323337
-0.82	0.0314309
-0.81	0.0307154
-0.8	0.0302051
-0.79	0.0299183
-0.78	0.029873
-0.77	0.0300871
-0.76	0.0305789
-0.75	0.0313664
-0.74	0.0324676
-0.73	0.0339006
-0.72	0.0356835
-0.71	0.0378344
-0.7	0.0403713
-0.69	0.0433122
-0.68	0.0466754
-0.67	0.0504787
-0.66	0.0547404
-0.65	0.0594784
-0.64	0.0647109
-0.63	0.0704559
-0.62	0.0767314
-0.61	0.0835556
-0.6	0.0909465
-0.59	0.0989222
-0.58	0.107501
-0.57	0.1167
-0.56	0.126539
-0.55	0.137034
-0.54	0.148205
-0.53	0.160069
-0.52	0.172644
-0.51	0.185948
-0.5	0.2
-0.49	0.214807
-0.48	0.230338
-0.47	0.24655
-0.46	0.2634
-0.45	0.280848
-0.44	0.29885
-0.43	0.317365
-0.42	0.33635
-0.41	0.355763
-0.4	0.375562
-0.39	0.395705
-0.38	0.41615
-0.37	0.436854
-0.36	0.457775
-0.35	0.478872
-0.34	0.500102
-0.33	0.521422
-0.32	0.542791
-0.31	0.564167
-0.3	0.585507
-0.29	0.60677
-0.28	0.627912
-0.27	0.648892
-0.26	0.669668
-0.25	0.690197
-0.24	0.710438
-0.23	0.730348
-0.22	0.749885
-0.21	0.769007
-0.2	0.787672
-0.19	0.805837
-0.18	0.82346
-0.17	0.8405
-0.16	0.856914
-0.15	0.872659
-0.14	0.887695
-0.13	0.901978
-0.12	0.915466
-0.11	0.928118
-0.1	0.939891
-0.09	0.950742
-0.08	0.96063
-0.07	0.969513
-0.06	0.977349
-0.05	0.984094
-0.04	0.989708
-0.03	0.994147
-0.02	0.997371
-0.01	0.999336
-6.23078e-14	1
0.01	0.999336
0.02	0.997371
0.03	0.994147
0.04	0.989708
0.05	0.984094
0.06	0.977349
0.07	0.969513
0.08	0.96063
0.09	0.950742
0.1	0.939891
0.11	0.928118
0.12	0.915466
0.13	0.901978
0.14	0.887695
0.15	0.872659
0.16	0.856914
0.17	0.8405
0.18	0.82346
0.19	0.805837
0.2	0.787672
0.21	0.769007
0.22	0.749885
0.23	0.730348
0.24	0.710438
0.25	0.690197
0.26	0.669668
0.27	0.648892
0.28	0.627912
0.29	0.60677
0.3	0.585507
0.31	0.564167
0.32	0.542791
0.33	0.521422
0.34	0.500102
0.35	0.478872
0.36	0.457775
0.37	0.436854
0.38	0.41615
0.39	0.395705
0.4	0.375562
0.41	0.355763
0.42	0.33635
0.43	0.317365
0.44	0.29885
0.45	0.280848
0.46	0.2634
0.47	0.24655
0.48	0.230338
0.49	0.214807
0.5	0.2
0.51	0.185948
0.52	0.172644
0.53	0.160069
0.54	0.148205
0.55	0.137034
0.56	0.126539
0.57	0.1167
0.58	0.107501
0.59	0.0989222
0.6	0.0909465
0.61	0.0835556
0.62	0.0767314
0.63	0.0704559
0.64	0.0647109
0.65	0.0594784
0.66	0.0547404
0.67	0.0504787
0.68	0.0466754
0.69	0.0433122
0.7	0.0403713
0.71	0.0378344
0.72	0.0356835
0.73	0.0339006
0.74	0.0324676
0.75	0.0313664
0.76	0.0305789
0.77	0.0300871
0.78	0.029873
0.79	0.0299183
0.8	0.0302051
0.81	0.0307154
0.82	0.0314309
0.83	0.0323337
0.84	0.0334058
0.85	0.0346289
0.86	0.0359851
0.87	0.0374562
0.88	0.0390243
0.89	0.0406713
0.9	0.042379
0.91	0.0441294
0.92	0.0459044
0.93	0.047686
0.94	0.0494562
0.95	0.0511967
0.96	0.0528896
0.97	0.0545168
0.98	0.0560603
0.99	0.0575019
1	0.0588235
1.01	0.0600109
1.02	0.0610639
1.03	0.0619865
1.04	0.0627823
1.05	0.0634551
1.06	0.0640086
1.07	0.0644465
1.08	0.0647726
1.09	0.0649907
1.1	0.0651044
1.11	0.0651175
1.12	0.0650338
1.13	0.064857
1.14	0.0645908
1.15	0.0642389
1.16	0.0638052
1.17	0.0632933
1.18	0.062707
1.19	0.06205
1.2	0.0613261
1.21	0.0605389
1.22	0.0596923
1.23	0.05879
1.24	0.0578357
1.25	0.0568331
1.26	0.0557861
1.27	0.0546983
1.28	0.0535734
1.29	0.0524153
1.3	0.0512276
1.31	0.0500141
1.32	0.0487785
1.33	0.0475246
1.34	0.0462562
1.35	0.0449768
1.36	0.0436904
1.37	0.0424005
1.38	0.0411111
1.39	0.0398257
1.4	0.0385482
1.41	0.0372823
1.42	0.0360317
1.43	0.0348001
1.44	0.0335914
1.45	0.0324091
1.46	0.0312572
1.47	0.0301393
1.48	0.0290591
1.49	0.0280205
1.5	0.027027
1.51	0.0260818
1.52	0.0251843
1.53	0.0243334
1.54	0.0235281
1.55	0.022767
1.56	0.022049
1.57	0.021373
1.58	0.0207378
1.59	0.0201422
1.6	0.019585
1.61	0.0190651
1.62	0.0185813
1.63	0.0181324
1.64	0.0177173
1.65	0.0173348
1.66	0.0169837
1.67	0.0166628
1.68	0.016371
1.69	0.0161072
1.7	0.01587
1.71	0.0156585
1.72	0.0154713
1.73	0.0153074
1.74	0.0151655
1.75	0.0150445
1.76	0.0149432
1.77	0.0148605
1.78	0.0147951
1.79	0.014746
1.8	0.0147118
1.81	0.0146916
1.82	0.014684
1.83	0.014688
1.84	0.0147023
1.85	0.0147258
1.86	0.0147573
1.87	0.0147957
1.88	0.0148397
1.89	0.0148883
1.9	0.0149401
1.91	0.0149942
1.92	0.0150492
1.93	0.015104
1.94	0.0151575
1.95	0.0152085
1.96	0.0152558
1.97	0.0152982
1.98	0.0153346
1.99	0.0153638
2	0.0153846
2.01	0.0153961
2.02	0.0153984
2.03	0.0153916
2.04	0.0153762
2.05	0.0153522
2.06	0.0153201
2.07	0.01528
2.08	0.0152323
2.09	0.0151773
2.1	0.0151151
2.11	0.015046
2.12	0.0149704
2.13	0.0148886
2.14	0.0148006
2.15	0.014707
2.16	0.0146078
2.17	0.0145034
2.18	0.0143941
2.19	0.0142801
2.2	0.0141617
2.21	0.0140391
2.22	0.0139127
2.23	0.0137827
2.24	0.0136494
2.25	0.013513
2.26	0.0133738
2.27	0.0132321
2.28	0.0130882
2.29	0.0129423
2.3	0.0127947
2.31	0.0126456
2.32	0.0124954
2.33	0.0123443
2.34	0.0121926
2.35	0.0120405
2.36	0.0118884
2.37	0.0117364
2.38	0.0115849
2.39	0.0114341
2.4	0.0112844
2.41	0.0111359
2.42	0.0109889
2.43	0.0108437
2.44	0.0107006
2.45	0.0105599
2.46	0.0104218
2.47	0.0102866
2.48	0.0101545
2.49	0.0100259
2.5	0.00990099
2.51	0.00977998
2.52	0.00966285
2.53	0.00954952
2.54	0.00943991
2.55	0.00933391
2.56	0.00923145
2.57	0.00913244
2.58	0.00903678
2.59	0.0089444
2.6	0.00885521
2.61	0.00876911
2.62	0.00868603
2.63	0.00860586
2.64	0.00852854
2.65	0.00845396
2.66	0.00838205
2.67	0.00831271
2.68	0.00824585
2.69	0.00818139
2.7	0.00811925
2.71	0.00805933
2.72	0.00800155
2.73	0.00794582
2.74	0.00789205
2.75	0.00784015
2.76	0.00779004
2.77	0.00774164
2.78	0.00769484
2.79	0.00764957
2.8	0.00760574
2.81	0.00756326
2.82	0.00752204
2.83	0.007482
2.84	0.00744305
2.85	0.0074051
2.86	0.00736806
2.87	0.00733185
2.88	0.00729638
2.89	0.00726156
2.9	0.0072273
2.91	0.00719352
2.92	0.00716013
2.93	0.00712704
2.94	0.00709417
2.95	0.00706143
2.96	0.00702872
2.97	0.00699597
2.98	0.00696308
2.99	0.00692997
3	0.00689655
3.01	0.00686275
3.02	0.00682858
3.03	0.00679403
3.04	0.00675915
3.05	0.00672393
3.06	0.00668841
3.07	0.00665259
3.08	0.00661649
3.09	0.00658013
3.1	0.00654353
3.11	0.0065067
3.12	0.00646966
3.13	0.00643244
3.14	0.00639503
3.15	0.00635747
3.16	0.00631977
3.17	0.00628194
3.18	0.00624401
3.19	0.00620599
3.2	0.0061679
3.21	0.00612975
3.22	0.00609156
3.23	0.00605335
3.24	0.00601514
3.25	0.00597694
3.26	0.00593877
3.27	0.00590065
3.28	0.00586259
3.29	0.00582462
3.3	0.00578674
3.31	0.00574898
3.32	0.00571135
3.33	0.00567386
3.34	0.00563655
3.35	0.00559942
3.36	0.00556249
3.37	0.00552578
3.38	0.00548931
3.39	0.00545308
3.4	0.00541713
3.41	0.00538146
3.42	0.00534609
3.43	0.00531105
3.44	0.00527634
3.45	0.00524199
3.46	0.00520801
3.47	0.00517442
3.48	0.00514123
3.49	0.00510847
3.5	0.00507614
3.51	0.00504427
3.52	0.00501285
3.53	0.00498187
3.54	0.00495133
3.55	0.00492121
3.56	0.00489152
3.57	0.00486224
3.58	0.00483336
3.59	0.00480489
3.6	0.0047768
3.61	0.0047491
3.62	0.00472178
3.63	0.00469483
3.64	0.00466824
3.65	0.004642
3.66	0.00461611
3.67	0.00459057
3.68	0.00456535
3.69	0.00454047
3.7	0.0045159
3.71	0.00449164
3.72	0.00446769
3.73	0.00444403
3.74	0.00442067
3.75	0.00439758
3.76	0.00437478
3.77	0.00435224
3.78	0.00432996
3.79	0.00430793
3.8	0.00428615
3.81	0.00426461
3.82	0.0042433
3.83	0.00422222
3.84	0.00420135
3.85	0.00418069
3.86	0.00416023
3.87	0.00413997
3.88	0.0041199
3.89	0.00410001
3.9	0.00408029
3.91	0.00406074
3.92	0.00404135
3.93	0.00402211
3.94	0.00400301
3.95	0.00398405
3.96	0.00396522
3.97	0.00394651
3.98	0.00392792
3.99	0.00390943
4	0.00389105
4.01	0.00387276
4.02	0.00385457
4.03	0.00383646
4.04	0.00381845
4.05	0.00380053
4.06	0.00378269
4.07	0.00376495
4.08	0.0037473
4.09	0.00372973
4.1	0.00371225
4.11	0.00369486
4.12	0.00367755
4.13	0.00366033
4.14	0.0036432
4.15	0.00362614
4.16	0.00360918
4.17	0.00359229
4.18	0.00357548
4.19	0.00355876
4.2	0.00354212
4.21	0.00352556
4.22	0.00350907
4.23	0.00349267
4.24	0.00347634
4.25	0.00346009
4.26	0.00344392
4.27	0.00342782
4.28	0.00341179
4.29	0.00339585
4.3	0.00337997
4.31	0.00336417
4.32	0.00334844
4.33	0.00333278
4.34	0.0033172
4.35	0.00330168
4.36	0.00328623
4.37	0.00327086
4.38	0.00325555
4.39	0.00324031
4.4	0.00322513
4.41	0.00321002
4.42	0.00319498
4.43	0.00318
4.44	0.00316509
4.45	0.00315024
4.46	0.00313545
4.47	0.00312073
4.48	0.00310607
4.49	0.00309147
4.5	0.00307692
4.51	0.00306244
4.52	0.00304802
4.53	0.00303365
4.54	0.00301934
4.55	0.00300509
4.56	0.0029909
4.57	0.00297676
4.58	0.00296267
4.59	0.00294864
4.6	0.00293466
4.61	0.00292074
4.62	0.00290687
4.63	0.00289304
4.64	0.00287927
4.65	0.00286555
4.66	0.00285188
4.67	0.00283826
4.68	0.00282468
4.69	0.00281116
4.7	0.00279768
4.71	0.00278424
4.72	0.00277085
4.73	0.00275751
4.74	0.0027442
4.75	0.00273095
4.76	0.00271773
4.77	0.00270456
4.78	0.00269142
4.79	0.00267833
4.8	0.00266528
4.81	0.00265227
4.82	0.00263929
4.83	0.00262636
4.84	0.00261346
4.85	0.00260059
4.86	0.00258776
4.87	0.00257497
4.88	0.00256221
4.89	0.00254949
4.9	0.0025368
4.91	0.00252414
4.92	0.00251151
4.93	0.00249892
4.94	0.00248635
4.95	0.00247381
4.96	0.00246131
4.97	0.00244883
4.98	0.00243638
4.99	0.00242395
5	0.00241155
