-2	-4.96318
-1.98	-4.92309
-1.96	-4.883
-1.94	-4.84292
-1.92	-4.80283
-1.9	-4.76274
-1.88	-4.72266
-1.86	-4.68257
-1.84	-4.64248
-1.82	-4.60239
-1.8	-4.56231
-1.78	-4.52222
-1.76	-4.48213
-1.74	-4.44205
-1.72	-4.40196
-1.7	-4.36187
-1.68	-4.32178
-1.66	-4.2817
-1.64	-4.24161
-1.62	-4.20152
-1.6	-4.16144
-1.58	-4.12135
-1.56	-4.08126
-1.54	-4.04117
-1.52	-4.00109
-1.5	-3.961
-1.48	-3.92091
-1.46	-3.88083
-1.44	-3.84074
-1.42	-3.80065
-1.4	-3.76056
-1.38	-3.72048
-1.36	-3.68039
-1.34	-3.6403
-1.32	-3.60022
-1.3	-3.56013
-1.28	-3.52004
-1.26	-3.47995
-1.24	-3.43987
-1.22	-3.39978
-1.2	-3.35969
-1.18	-3.31961
-1.16	-3.27952
-1.14	-3.23943
-1.12	-3.19934
-1.1	-3.15926
-1.08	-3.11917
-1.06	-3.07908
-1.04	-3.039
-1.02	-2.99891
-1	-2.95882
-0.98	-2.91873
-0.96	-2.87865
-0.94	-2.83856
-0.92	-2.79847
-0.9	-2.75839
-0.88	-2.7183
-0.86	-2.67821
-0.84	-2.63812
-0.82	-2.59804
-0.8	-2.55795
-0.78	-2.51786
-0.76	-2.47778
-0.74	-2.43769
-0.72	-2.3976
-0.7	-2.35751
-0.68	-2.31743
-0.66	-2.27734
-0.64	-2.23725
-0.62	-2.19717
-0.6	-2.15708
-0.58	-2.11699
-0.56	-2.0769
-0.54	-2.03682
-0.52	-1.99673
-0.5	-1.95664
-0.48	-1.91656
-0.46	-1.87647
-0.44	-1.83638
-0.42	-1.79629
-0.4	-1.75621
-0.38	-1.71612
-0.36	-1.67603
-0.34	-1.63595
-0.32	-1.59586
-0.3	-1.55577
-0.28	-1.51568
-0.26	-1.4756
-0.24	-1.43551
-0.22	-1.39542
-0.2	-1.35534
-0.18	-1.31525
-0.16	-1.27516
-0.14	-1.23507
-0.12	-1.19499
-0.1	-1.1549
-0.08	-1.11481
-0.06	-1.07473
-0.04	-1.03464
-0.02	-0.994551
1.50574e-15	-0.954464
0.02	-0.914377
0.04	-0.87429
0.06	-0.834203
0.08	-0.794116
0.1	-0.754029
0.12	-0.713941
0.14	-0.673854
0.16	-0.633767
0.18	-0.59368
0.2	-0.553593
0.22	-0.513506
0.24	-0.473419
0.26	-0.433331
0.28	-0.393244
0.3	-0.353157
0.32	-0.31307
0.34	-0.272983
0.36	-0.232896
0.38	-0.192809
0.4	-0.152721
0.42	-0.112634
0.44	-0.0725471
0.46	-0.03246
0.48	0.00762714
0.5	0.0477143
0.52	0.0878014
0.54	0.127889
0.56	0.167976
0.58	0.208063
0.6	0.24815
0.62	0.288237
0.64	0.328324
0.66	0.368411
0.68	0.408499
0.7	0.448586
0.72	0.488673
0.74	0.52876
0.76	0.568847
0.78	0.608934
0.8	0.649021
0.82	0.689109
0.84	0.729196
0.86	0.769283
0.88	0.80937
0.9	0.849457
0.92	0.889544
0.94	0.929631
0.96	0.969719
0.98	1.00981
1	1.04989
1.02	1.08998
1.04	1.13007
1.06	1.17015
1.08	1.21024
1.1	1.25033
1.12	1.29042
1.14	1.3305
1.16	1.37059
1.18	1.41068
1.2	1.45076
1.22	1.49085
1.24	1.53094
1.26	1.57103
1.28	1.61111
1.3	1.6512
1.32	1.69129
1.34	1.73137
1.36	1.77146
1.38	1.81155
1.4	1.85164
1.42	1.89172
1.44	1.93181
1.46	1.9719
1.48	2.01198
1.5	2.05207
1.52	2.09216
1.54	2.13225
1.56	2.17233
1.58	2.21242
1.6	2.25251
1.62	2.29259
1.64	2.33268
1.66	2.37277
1.68	2.41286
1.7	2.45294
1.72	2.49303
1.74	2.53312
1.76	2.5732
1.78	2.61329
1.8	2.65338
1.82	2.69347
1.84	2.73355
1.86	2.77364
1.88	2.81373
1.9	2.85381
1.92	2.8939
1.94	2.93399
1.96	2.97408
1.98	3.01416
2	3.05425
2.02	3.09434
2.04	3.13442
2.06	3.17451
2.08	3.2146
2.1	3.25469
2.12	3.29477
2.14	3.33486
2.16	3.37495
2.18	3.41503
2.2	3.45512
2.22	3.49521
2.24	3.5353
2.26	3.57538
2.28	3.61547
2.3	3.65556
2.32	3.69564
2.34	3.73573
2.36	3.77582
2.38	3.81591
2.4	3.85599
2.42	3.89608
2.44	3.93617
2.46	3.97625
2.48	4.01634
2.5	4.05643
2.52	4.09652
2.54	4.1366
2.56	4.17669
2.58	4.21678
2.6	4.25686
2.62	4.29695
2.64	4.33704
2.66	4.37713
2.68	4.41721
2.7	4.4573
2.72	4.49739
2.74	4.53747
2.76	4.57756
2.78	4.61765
2.8	4.65774
2.82	4.69782
2.84	4.73791
2.86	4.778
2.88	4.81808
2.9	4.85817
2.92	4.89826
2.94	4.93835
2.96	4.97843
2.98	5.01852
-2	-4.98293
-1.98	-4.94247
-1.96	-4.90201
-1.94	-4.86155
-1.92	-4.8211
-1.9	-4.78065
-1.88	-4.7402
-1.86	-4.69976
-1.84	-4.65932
-1.82	-4.61888
-1.8	-4.57845
-1.78	-4.53801
-1.76	-4.49759
-1.74	-4.45716
-1.72	-4.41674
-1.7	-4.37632
-1.68	-4.3359
-1.66	-4.29549
-1.64	-4.25508
-1.62	-4.21467
-1.6	-4.17426
-1.58	-4.13386
-1.56	-4.09346
-1.54	-4.05307
-1.52	-4.01268
-1.5	-3.97229
-1.48	-3.9319
-1.46	-3.89152
-1.44	-3.85113
-1.42	-3.81076
-1.4	-3.77038
-1.38	-3.73001
-1.36	-3.68964
-1.34	-3.64928
-1.32	-3.60891
-1.3	-3.56856
-1.28	-3.5282
-1.26	-3.48785
-1.24	-3.44749
-1.22	-3.40715
-1.2	-3.3668
-1.18	-3.32646
-1.16	-3.28612
-1.14	-3.24579
-1.12	-3.20546
-1.1	-3.16513
-1.08	-3.1248
-1.06	-3.08448
-1.04	-3.04416
-1.02	-3.00384
-1	-2.96352
-0.98	-2.92321
-0.96	-2.8829
-0.94	-2.8426
-0.92	-2.8023
-0.9	-2.762
-0.88	-2.7217
-0.86	-2.68141
-0.84	-2.64112
-0.82	-2.60083
-0.8	-2.56055
-0.78	-2.52026
-0.76	-2.47999
-0.74	-2.43971
-0.72	-2.39944
-0.7	-2.35917
-0.68	-2.3189
-0.66	-2.27864
-0.64	-2.23838
-0.62	-2.19812
-0.6	-2.15787
-0.58	-2.11762
-0.56	-2.07737
-0.54	-2.03712
-0.52	-1.99688
-0.5	-1.95664
-0.48	-1.91641
-0.46	-1.87617
-0.44	-1.83594
-0.42	-1.79572
-0.4	-1.75549
-0.38	-1.71527
-0.36	-1.67505
-0.34	-1.63484
-0.32	-1.59463
-0.3	-1.55442
-0.28	-1.51421
-0.26	-1.47401
-0.24	-1.43381
-0.22	-1.39361
-0.2	-1.35342
-0.18	-1.31323
-0.16	-1.27304
-0.14	-1.23285
-0.12	-1.19267
-0.1	-1.15249
-0.08	-1.11232
-0.06	-1.07214
-0.04	-1.03197
-0.02	-0.991807
1.50574e-15	-0.951643
0.02	-0.911482
0.04	-0.871324
0.06	-0.831169
0.08	-0.791017
0.1	-0.750869
0.12	-0.710723
0.14	-0.67058
0.16	-0.63044
0.18	-0.590303
0.2	-0.55017
0.22	-0.510039
0.24	-0.469911
0.26	-0.429786
0.28	-0.389664
0.3	-0.349546
0.32	-0.30943
0.34	-0.269317
0.36	-0.229208
0.38	-0.189101
0.4	-0.148997
0.42	-0.108896
0.44	-0.0687988
0.46	-0.0287041
0.48	0.0113875
0.5	0.0514762
0.52	0.0915618
0.54	0.131644
0.56	0.171724
0.58	0.211801
0.6	0.251874
0.62	0.291945
0.64	0.332012
0.66	0.372077
0.68	0.412139
0.7	0.452197
0.72	0.492253
0.74	0.532305
0.76	0.572355
0.78	0.612401
0.8	0.652445
0.82	0.692485
0.84	0.732523
0.86	0.772557
0.88	0.812589
0.9	0.852617
0.92	0.892643
0.94	0.932665
0.96	0.972684
0.98	1.0127
1	1.05271
1.02	1.09272
1.04	1.13273
1.06	1.17274
1.08	1.21274
1.1	1.25274
1.12	1.29273
1.14	1.33272
1.16	1.37271
1.18	1.4127
1.2	1.45268
1.22	1.49266
1.24	1.53264
1.26	1.57261
1.28	1.61259
1.3	1.65255
1.32	1.69252
1.34	1.73248
1.36	1.77244
1.38	1.8124
1.4	1.85235
1.42	1.8923
1.44	1.93225
1.46	1.97219
1.48	2.01213
1.5	2.05207
1.52	2.09201
1.54	2.13194
1.56	2.17187
1.58	2.21179
1.6	2.25172
1.62	2.29164
1.64	2.33155
1.66	2.37147
1.68	2.41138
1.7	2.45129
1.72	2.49119
1.74	2.53109
1.76	2.57099
1.78	2.61089
1.8	2.65078
1.82	2.69067
1.84	2.73056
1.86	2.77044
1.88	2.81032
1.9	2.8502
1.92	2.89008
1.94	2.92995
1.96	2.96982
1.98	3.00968
2	3.04955
2.02	3.08941
2.04	3.12926
2.06	3.16912
2.08	3.20897
2.1	3.24882
2.12	3.28866
2.14	3.3285
2.16	3.36834
2.18	3.40818
2.2	3.44801
2.22	3.48784
2.24	3.52767
2.26	3.56749
2.28	3.60731
2.3	3.64713
2.32	3.68695
2.34	3.72676
2.36	3.76657
2.38	3.80637
2.4	3.84617
2.42	3.88597
2.44	3.92577
2.46	3.96556
2.48	4.00536
2.5	4.04514
2.52	4.08493
2.54	4.12471
2.56	4.16449
2.58	4.20426
2.6	4.24404
2.62	4.28381
2.64	4.32357
2.66	4.36334
2.68	4.4031
2.7	4.44285
2.72	4.48261
2.74	4.52236
2.76	4.56211
2.78	4.60185
2.8	4.6416
2.82	4.68134
2.84	4.72107
2.86	4.76081
2.88	4.80054
2.9	4.84026
2.92	4.87999
2.94	4.91971
2.96	4.95943
2.98	4.99914
-2	-27.5229
-1.98	-26.8073
-1.96	-26.1035
-1.94	-25.4116
-1.92	-24.7314
-1.9	-24.0629
-1.88	-23.4059
-1.86	-22.7603
-1.84	-22.1261
-1.82	-21.5032
-1.8	-20.8914
-1.78	-20.2907
-1.76	-19.7009
-1.74	-19.122
-1.72	-18.5539
-1.7	-17.9965
-1.68	-17.4496
-1.66	-16.9133
-1.64	-16.3873
-1.62	-15.8716
-1.6	-15.3661
-1.58	-14.8707
-1.56	-14.3854
-1.54	-13.9099
-1.52	-13.4442
-1.5	-12.9883
-1.48	-12.542
-1.46	-12.1052
-1.44	-11.6778
-1.42	-11.2598
-1.4	-10.8509
-1.38	-10.4513
-1.36	-10.0607
-1.34	-9.67899
-1.32	-9.30616
-1.3	-8.94209
-1.28	-8.58668
-1.26	-8.23983
-1.24	-7.90145
-1.22	-7.57143
-1.2	-7.24969
-1.18	-6.93613
-1.16	-6.63065
-1.14	-6.33315
-1.12	-6.04355
-1.1	-5.76173
-1.08	-5.48762
-1.06	-5.2211
-1.04	-4.96209
-1.02	-4.71048
-1	-4.46619
-0.98	-4.22911
-0.96	-3.99916
-0.94	-3.77622
-0.92	-3.56022
-0.9	-3.35104
-0.88	-3.1486
-0.86	-2.9528
-0.84	-2.76354
-0.82	-2.58073
-0.8	-2.40427
-0.78	-2.23406
-0.76	-2.07001
-0.74	-1.91202
-0.72	-1.76
-0.7	-1.61385
-0.68	-1.47347
-0.66	-1.33876
-0.64	-1.20964
-0.62	-1.08601
-0.6	-0.967757
-0.58	-0.8548
-0.56	-0.74704
-0.54	-0.644381
-0.52	-0.546724
-0.5	-0.453976
-0.48	-0.366039
-0.46	-0.282818
-0.44	-0.204216
-0.42	-0.130137
-0.4	-0.0604844
-0.38	0.00483723
-0.36	0.0659243
-0.34	0.122873
-0.32	0.17578
-0.3	0.22474
-0.28	0.269851
-0.26	0.311208
-0.24	0.348908
-0.22	0.383046
-0.2	0.413719
-0.18	0.441023
-0.16	0.465054
-0.14	0.485909
-0.12	0.503683
-0.1	0.518473
-0.08	0.530375
-0.06	0.539484
-0.04	0.545898
-0.02	0.549713
1.50574e-15	0.551024
0.02	0.549927
0.04	0.54652
0.06	0.540898
0.08	0.533156
0.1	0.523393
0.12	0.511703
0.14	0.498182
0.16	0.482928
0.18	0.466035
0.2	0.447601
0.22	0.427721
0.24	0.406492
0.26	0.38401
0.28	0.360371
0.3	0.33567
0.32	0.310005
0.34	0.283472
0.36	0.256166
0.38	0.228184
0.4	0.199622
0.42	0.170576
0.44	0.141142
0.46	0.111417
0.48	0.081496
0.5	0.0514762
0.52	0.0214534
0.54	-0.0084762
0.56	-0.0382165
0.58	-0.0676713
0.6	-0.0967444
0.62	-0.12534
0.64	-0.153361
0.66	-0.180712
0.68	-0.207297
0.7	-0.233019
0.72	-0.257782
0.74	-0.281491
0.76	-0.304049
0.78	-0.325359
0.8	-0.345326
0.82	-0.363853
0.84	-0.380845
0.86	-0.396205
0.88	-0.409837
0.9	-0.421644
0.92	-0.431531
0.94	-0.439402
0.96	-0.44516
0.98	-0.448709
1	-0.449952
1.02	-0.448795
1.04	-0.44514
1.06	-0.438892
1.08	-0.429953
1.1	-0.418229
1.12	-0.403623
1.14	-0.386038
1.16	-0.365379
1.18	-0.34155
1.2	-0.314453
1.22	-0.283994
1.24	-0.250075
1.26	-0.212601
1.28	-0.171476
1.3	-0.126603
1.32	-0.0778863
1.34	-0.0252295
1.36	0.0314634
1.38	0.0922887
1.4	0.157342
1.42	0.226721
1.44	0.30052
1.46	0.378836
1.48	0.461766
1.5	0.549405
1.52	0.641849
1.54	0.739195
1.56	0.841539
1.58	0.948977
1.6	1.06161
1.62	1.17952
1.64	1.30282
1.66	1.43159
1.68	1.56594
1.7	1.70596
1.72	1.85175
1.74	2.00341
1.76	2.16102
1.78	2.32469
1.8	2.49451
1.82	2.67057
1.84	2.85299
1.86	3.04184
1.88	3.23723
1.9	3.43925
1.92	3.648
1.94	3.86357
1.96	4.08607
1.98	4.31559
2	4.55221
2.02	4.79605
2.04	5.0472
2.06	5.30574
2.08	5.57179
2.1	5.84543
2.12	6.12675
2.14	6.41587
2.16	6.71287
2.18	7.01785
2.2	7.3309
2.22	7.65213
2.24	7.98162
2.26	8.31948
2.28	8.66579
2.3	9.02067
2.32	9.38419
2.34	9.75647
2.36	10.1376
2.38	10.5276
2.4	10.9267
2.42	11.335
2.44	11.7524
2.46	12.1792
2.48	12.6154
2.5	13.0611
2.52	13.5165
2.54	13.9815
2.56	14.4564
2.58	14.9411
2.6	15.4359
2.62	15.9407
2.64	16.4558
2.66	16.9811
2.68	17.5168
2.7	18.063
2.72	18.6198
2.74	19.1872
2.76	19.7654
2.78	20.3545
2.8	20.9545
2.82	21.5656
2.84	22.1879
2.86	22.8214
2.88	23.4662
2.9	24.1225
2.92	24.7903
2.94	25.4697
2.96	26.1609
2.98	26.8639
